( -2.999  -0.999  0.501 )
( -2.999  -0.899  0.501 )
( -2.999  -0.799  0.501 )
( -2.999  -0.699  0.501 )
( -2.999  -0.599  0.501 )
( -2.999  -0.499  0.501 )
( -2.999  -0.399  0.501 )
( -2.999  -0.299  0.501 )
( -2.999  -0.199  0.501 )
( -2.999  -0.099  0.501 )
( -2.999  0.001  0.501 )
( -2.999  0.101  0.501 )
( -2.999  0.201  0.501 )
( -2.999  0.301  0.501 )
( -2.999  0.401  0.501 )
( -2.999  0.501  0.501 )
( -2.999  0.601  0.501 )
( -2.999  0.701  0.501 )
( -2.999  0.801  0.501 )
( -2.999  0.901  0.501 )
( -2.999  1.001  0.501 )
( -2.999  1.101  0.501 )
( -2.999  1.201  0.501 )
( -2.999  1.301  0.501 )
( -2.999  1.401  0.501 )
( -2.999  1.501  0.501 )
( -2.999  1.601  0.501 )
( -2.999  1.701  0.501 )
( -2.999  1.801  0.501 )
( -2.999  1.901  0.501 )
( -2.999  2.001  0.501 )
( -2.999  2.101  0.501 )
( -2.999  2.201  0.501 )
( -2.999  2.301  0.501 )
( -2.999  2.401  0.501 )
( -2.999  2.501  0.501 )
( -2.999  2.601  0.501 )
( -2.999  2.701  0.501 )
( -2.999  2.801  0.501 )
( -2.999  2.901  0.501 )
( -2.999  2.999  0.501 )
( -2.899  -0.999  0.501 )
( -2.899  -0.899  0.501 )
( -2.899  -0.799  0.501 )
( -2.899  -0.699  0.501 )
( -2.899  -0.599  0.501 )
( -2.899  -0.499  0.501 )
( -2.899  -0.399  0.501 )
( -2.899  -0.299  0.501 )
( -2.899  -0.199  0.501 )
( -2.899  -0.099  0.501 )
( -2.899  0.001  0.501 )
( -2.899  0.101  0.501 )
( -2.899  0.201  0.501 )
( -2.899  0.301  0.501 )
( -2.899  0.401  0.501 )
( -2.899  0.501  0.501 )
( -2.899  0.601  0.501 )
( -2.899  0.701  0.501 )
( -2.899  0.801  0.501 )
( -2.899  0.901  0.501 )
( -2.899  1.001  0.501 )
( -2.899  1.101  0.501 )
( -2.899  1.201  0.501 )
( -2.899  1.301  0.501 )
( -2.899  1.401  0.501 )
( -2.899  1.501  0.501 )
( -2.899  1.601  0.501 )
( -2.899  1.701  0.501 )
( -2.899  1.801  0.501 )
( -2.899  1.901  0.501 )
( -2.899  2.001  0.501 )
( -2.899  2.101  0.501 )
( -2.899  2.201  0.501 )
( -2.899  2.301  0.501 )
( -2.899  2.401  0.501 )
( -2.899  2.501  0.501 )
( -2.899  2.601  0.501 )
( -2.899  2.701  0.501 )
( -2.899  2.801  0.501 )
( -2.899  2.901  0.501 )
( -2.899  2.999  0.501 )
( -2.799  -0.999  0.501 )
( -2.799  -0.899  0.501 )
( -2.799  -0.799  0.501 )
( -2.799  -0.699  0.501 )
( -2.799  -0.599  0.501 )
( -2.799  -0.499  0.501 )
( -2.799  -0.399  0.501 )
( -2.799  -0.299  0.501 )
( -2.799  -0.199  0.501 )
( -2.799  -0.099  0.501 )
( -2.799  0.001  0.501 )
( -2.799  0.101  0.501 )
( -2.799  0.201  0.501 )
( -2.799  0.301  0.501 )
( -2.799  0.401  0.501 )
( -2.799  0.501  0.501 )
( -2.799  0.601  0.501 )
( -2.799  0.701  0.501 )
( -2.799  0.801  0.501 )
( -2.799  0.901  0.501 )
( -2.799  1.001  0.501 )
( -2.799  1.101  0.501 )
( -2.799  1.201  0.501 )
( -2.799  1.301  0.501 )
( -2.799  1.401  0.501 )
( -2.799  1.501  0.501 )
( -2.799  1.601  0.501 )
( -2.799  1.701  0.501 )
( -2.799  1.801  0.501 )
( -2.799  1.901  0.501 )
( -2.799  2.001  0.501 )
( -2.799  2.101  0.501 )
( -2.799  2.201  0.501 )
( -2.799  2.301  0.501 )
( -2.799  2.401  0.501 )
( -2.799  2.501  0.501 )
( -2.799  2.601  0.501 )
( -2.799  2.701  0.501 )
( -2.799  2.801  0.501 )
( -2.799  2.901  0.501 )
( -2.799  2.999  0.501 )
( -2.699  -0.999  0.501 )
( -2.699  -0.899  0.501 )
( -2.699  -0.799  0.501 )
( -2.699  -0.699  0.501 )
( -2.699  -0.599  0.501 )
( -2.699  -0.499  0.501 )
( -2.699  -0.399  0.501 )
( -2.699  -0.299  0.501 )
( -2.699  -0.199  0.501 )
( -2.699  -0.099  0.501 )
( -2.699  0.001  0.501 )
( -2.699  0.101  0.501 )
( -2.699  0.201  0.501 )
( -2.699  0.301  0.501 )
( -2.699  0.401  0.501 )
( -2.699  0.501  0.501 )
( -2.699  0.601  0.501 )
( -2.699  0.701  0.501 )
( -2.699  0.801  0.501 )
( -2.699  0.901  0.501 )
( -2.699  1.001  0.501 )
( -2.699  1.101  0.501 )
( -2.699  1.201  0.501 )
( -2.699  1.301  0.501 )
( -2.699  1.401  0.501 )
( -2.699  1.501  0.501 )
( -2.699  1.601  0.501 )
( -2.699  1.701  0.501 )
( -2.699  1.801  0.501 )
( -2.699  1.901  0.501 )
( -2.699  2.001  0.501 )
( -2.699  2.101  0.501 )
( -2.699  2.201  0.501 )
( -2.699  2.301  0.501 )
( -2.699  2.401  0.501 )
( -2.699  2.501  0.501 )
( -2.699  2.601  0.501 )
( -2.699  2.701  0.501 )
( -2.699  2.801  0.501 )
( -2.699  2.901  0.501 )
( -2.699  2.999  0.501 )
( -2.599  -0.999  0.501 )
( -2.599  -0.899  0.501 )
( -2.599  -0.799  0.501 )
( -2.599  -0.699  0.501 )
( -2.599  -0.599  0.501 )
( -2.599  -0.499  0.501 )
( -2.599  -0.399  0.501 )
( -2.599  -0.299  0.501 )
( -2.599  -0.199  0.501 )
( -2.599  -0.099  0.501 )
( -2.599  0.001  0.501 )
( -2.599  0.101  0.501 )
( -2.599  0.201  0.501 )
( -2.599  0.301  0.501 )
( -2.599  0.401  0.501 )
( -2.599  0.501  0.501 )
( -2.599  0.601  0.501 )
( -2.599  0.701  0.501 )
( -2.599  0.801  0.501 )
( -2.599  0.901  0.501 )
( -2.599  1.001  0.501 )
( -2.599  1.101  0.501 )
( -2.599  1.201  0.501 )
( -2.599  1.301  0.501 )
( -2.599  1.401  0.501 )
( -2.599  1.501  0.501 )
( -2.599  1.601  0.501 )
( -2.599  1.701  0.501 )
( -2.599  1.801  0.501 )
( -2.599  1.901  0.501 )
( -2.599  2.001  0.501 )
( -2.599  2.101  0.501 )
( -2.599  2.201  0.501 )
( -2.599  2.301  0.501 )
( -2.599  2.401  0.501 )
( -2.599  2.501  0.501 )
( -2.599  2.601  0.501 )
( -2.599  2.701  0.501 )
( -2.599  2.801  0.501 )
( -2.599  2.901  0.501 )
( -2.599  2.999  0.501 )
( -2.499  -0.999  0.501 )
( -2.499  -0.899  0.501 )
( -2.499  -0.799  0.501 )
( -2.499  -0.699  0.501 )
( -2.499  -0.599  0.501 )
( -2.499  -0.499  0.501 )
( -2.499  -0.399  0.501 )
( -2.499  -0.299  0.501 )
( -2.499  -0.199  0.501 )
( -2.499  -0.099  0.501 )
( -2.499  0.001  0.501 )
( -2.499  0.101  0.501 )
( -2.499  0.201  0.501 )
( -2.499  0.301  0.501 )
( -2.499  0.401  0.501 )
( -2.499  0.501  0.501 )
( -2.499  0.601  0.501 )
( -2.499  0.701  0.501 )
( -2.499  0.801  0.501 )
( -2.499  0.901  0.501 )
( -2.499  1.001  0.501 )
( -2.499  1.101  0.501 )
( -2.499  1.201  0.501 )
( -2.499  1.301  0.501 )
( -2.499  1.401  0.501 )
( -2.499  1.501  0.501 )
( -2.499  1.601  0.501 )
( -2.499  1.701  0.501 )
( -2.499  1.801  0.501 )
( -2.499  1.901  0.501 )
( -2.499  2.001  0.501 )
( -2.499  2.101  0.501 )
( -2.499  2.201  0.501 )
( -2.499  2.301  0.501 )
( -2.499  2.401  0.501 )
( -2.499  2.501  0.501 )
( -2.499  2.601  0.501 )
( -2.499  2.701  0.501 )
( -2.499  2.801  0.501 )
( -2.499  2.901  0.501 )
( -2.499  2.999  0.501 )
( -2.399  -0.999  0.501 )
( -2.399  -0.899  0.501 )
( -2.399  -0.799  0.501 )
( -2.399  -0.699  0.501 )
( -2.399  -0.599  0.501 )
( -2.399  -0.499  0.501 )
( -2.399  -0.399  0.501 )
( -2.399  -0.299  0.501 )
( -2.399  -0.199  0.501 )
( -2.399  -0.099  0.501 )
( -2.399  0.001  0.501 )
( -2.399  0.101  0.501 )
( -2.399  0.201  0.501 )
( -2.399  0.301  0.501 )
( -2.399  0.401  0.501 )
( -2.399  0.501  0.501 )
( -2.399  0.601  0.501 )
( -2.399  0.701  0.501 )
( -2.399  0.801  0.501 )
( -2.399  0.901  0.501 )
( -2.399  1.001  0.501 )
( -2.399  1.101  0.501 )
( -2.399  1.201  0.501 )
( -2.399  1.301  0.501 )
( -2.399  1.401  0.501 )
( -2.399  1.501  0.501 )
( -2.399  1.601  0.501 )
( -2.399  1.701  0.501 )
( -2.399  1.801  0.501 )
( -2.399  1.901  0.501 )
( -2.399  2.001  0.501 )
( -2.399  2.101  0.501 )
( -2.399  2.201  0.501 )
( -2.399  2.301  0.501 )
( -2.399  2.401  0.501 )
( -2.399  2.501  0.501 )
( -2.399  2.601  0.501 )
( -2.399  2.701  0.501 )
( -2.399  2.801  0.501 )
( -2.399  2.901  0.501 )
( -2.399  2.999  0.501 )
( -2.299  -0.999  0.501 )
( -2.299  -0.899  0.501 )
( -2.299  -0.799  0.501 )
( -2.299  -0.699  0.501 )
( -2.299  -0.599  0.501 )
( -2.299  -0.499  0.501 )
( -2.299  -0.399  0.501 )
( -2.299  -0.299  0.501 )
( -2.299  -0.199  0.501 )
( -2.299  -0.099  0.501 )
( -2.299  0.001  0.501 )
( -2.299  0.101  0.501 )
( -2.299  0.201  0.501 )
( -2.299  0.301  0.501 )
( -2.299  0.401  0.501 )
( -2.299  0.501  0.501 )
( -2.299  0.601  0.501 )
( -2.299  0.701  0.501 )
( -2.299  0.801  0.501 )
( -2.299  0.901  0.501 )
( -2.299  1.001  0.501 )
( -2.299  1.101  0.501 )
( -2.299  1.201  0.501 )
( -2.299  1.301  0.501 )
( -2.299  1.401  0.501 )
( -2.299  1.501  0.501 )
( -2.299  1.601  0.501 )
( -2.299  1.701  0.501 )
( -2.299  1.801  0.501 )
( -2.299  1.901  0.501 )
( -2.299  2.001  0.501 )
( -2.299  2.101  0.501 )
( -2.299  2.201  0.501 )
( -2.299  2.301  0.501 )
( -2.299  2.401  0.501 )
( -2.299  2.501  0.501 )
( -2.299  2.601  0.501 )
( -2.299  2.701  0.501 )
( -2.299  2.801  0.501 )
( -2.299  2.901  0.501 )
( -2.299  2.999  0.501 )
( -2.199  -0.999  0.501 )
( -2.199  -0.899  0.501 )
( -2.199  -0.799  0.501 )
( -2.199  -0.699  0.501 )
( -2.199  -0.599  0.501 )
( -2.199  -0.499  0.501 )
( -2.199  -0.399  0.501 )
( -2.199  -0.299  0.501 )
( -2.199  -0.199  0.501 )
( -2.199  -0.099  0.501 )
( -2.199  0.001  0.501 )
( -2.199  0.101  0.501 )
( -2.199  0.201  0.501 )
( -2.199  0.301  0.501 )
( -2.199  0.401  0.501 )
( -2.199  0.501  0.501 )
( -2.199  0.601  0.501 )
( -2.199  0.701  0.501 )
( -2.199  0.801  0.501 )
( -2.199  0.901  0.501 )
( -2.199  1.001  0.501 )
( -2.199  1.101  0.501 )
( -2.199  1.201  0.501 )
( -2.199  1.301  0.501 )
( -2.199  1.401  0.501 )
( -2.199  1.501  0.501 )
( -2.199  1.601  0.501 )
( -2.199  1.701  0.501 )
( -2.199  1.801  0.501 )
( -2.199  1.901  0.501 )
( -2.199  2.001  0.501 )
( -2.199  2.101  0.501 )
( -2.199  2.201  0.501 )
( -2.199  2.301  0.501 )
( -2.199  2.401  0.501 )
( -2.199  2.501  0.501 )
( -2.199  2.601  0.501 )
( -2.199  2.701  0.501 )
( -2.199  2.801  0.501 )
( -2.199  2.901  0.501 )
( -2.199  2.999  0.501 )
( -2.099  -0.999  0.501 )
( -2.099  -0.899  0.501 )
( -2.099  -0.799  0.501 )
( -2.099  -0.699  0.501 )
( -2.099  -0.599  0.501 )
( -2.099  -0.499  0.501 )
( -2.099  -0.399  0.501 )
( -2.099  -0.299  0.501 )
( -2.099  -0.199  0.501 )
( -2.099  -0.099  0.501 )
( -2.099  0.001  0.501 )
( -2.099  0.101  0.501 )
( -2.099  0.201  0.501 )
( -2.099  0.301  0.501 )
( -2.099  0.401  0.501 )
( -2.099  0.501  0.501 )
( -2.099  0.601  0.501 )
( -2.099  0.701  0.501 )
( -2.099  0.801  0.501 )
( -2.099  0.901  0.501 )
( -2.099  1.001  0.501 )
( -2.099  1.101  0.501 )
( -2.099  1.201  0.501 )
( -2.099  1.301  0.501 )
( -2.099  1.401  0.501 )
( -2.099  1.501  0.501 )
( -2.099  1.601  0.501 )
( -2.099  1.701  0.501 )
( -2.099  1.801  0.501 )
( -2.099  1.901  0.501 )
( -2.099  2.001  0.501 )
( -2.099  2.101  0.501 )
( -2.099  2.201  0.501 )
( -2.099  2.301  0.501 )
( -2.099  2.401  0.501 )
( -2.099  2.501  0.501 )
( -2.099  2.601  0.501 )
( -2.099  2.701  0.501 )
( -2.099  2.801  0.501 )
( -2.099  2.901  0.501 )
( -2.099  2.999  0.501 )
( -1.999  -0.999  0.501 )
( -1.999  -0.899  0.501 )
( -1.999  -0.799  0.501 )
( -1.999  -0.699  0.501 )
( -1.999  -0.599  0.501 )
( -1.999  -0.499  0.501 )
( -1.999  -0.399  0.501 )
( -1.999  -0.299  0.501 )
( -1.999  -0.199  0.501 )
( -1.999  -0.099  0.501 )
( -1.999  0.001  0.501 )
( -1.999  0.101  0.501 )
( -1.999  0.201  0.501 )
( -1.999  0.301  0.501 )
( -1.999  0.401  0.501 )
( -1.999  0.501  0.501 )
( -1.999  0.601  0.501 )
( -1.999  0.701  0.501 )
( -1.999  0.801  0.501 )
( -1.999  0.901  0.501 )
( -1.999  1.001  0.501 )
( -1.999  1.101  0.501 )
( -1.999  1.201  0.501 )
( -1.999  1.301  0.501 )
( -1.999  1.401  0.501 )
( -1.999  1.501  0.501 )
( -1.999  1.601  0.501 )
( -1.999  1.701  0.501 )
( -1.999  1.801  0.501 )
( -1.999  1.901  0.501 )
( -1.999  2.001  0.501 )
( -1.999  2.101  0.501 )
( -1.999  2.201  0.501 )
( -1.999  2.301  0.501 )
( -1.999  2.401  0.501 )
( -1.999  2.501  0.501 )
( -1.999  2.601  0.501 )
( -1.999  2.701  0.501 )
( -1.999  2.801  0.501 )
( -1.999  2.901  0.501 )
( -1.999  2.999  0.501 )
( -1.899  -0.999  0.501 )
( -1.899  -0.899  0.501 )
( -1.899  -0.799  0.501 )
( -1.899  -0.699  0.501 )
( -1.899  -0.599  0.501 )
( -1.899  -0.499  0.501 )
( -1.899  -0.399  0.501 )
( -1.899  -0.299  0.501 )
( -1.899  -0.199  0.501 )
( -1.899  -0.099  0.501 )
( -1.899  0.001  0.501 )
( -1.899  0.101  0.501 )
( -1.899  0.201  0.501 )
( -1.899  0.301  0.501 )
( -1.899  0.401  0.501 )
( -1.899  0.501  0.501 )
( -1.899  0.601  0.501 )
( -1.899  0.701  0.501 )
( -1.899  0.801  0.501 )
( -1.899  0.901  0.501 )
( -1.899  1.001  0.501 )
( -1.899  1.101  0.501 )
( -1.899  1.201  0.501 )
( -1.899  1.301  0.501 )
( -1.899  1.401  0.501 )
( -1.899  1.501  0.501 )
( -1.899  1.601  0.501 )
( -1.899  1.701  0.501 )
( -1.899  1.801  0.501 )
( -1.899  1.901  0.501 )
( -1.899  2.001  0.501 )
( -1.899  2.101  0.501 )
( -1.899  2.201  0.501 )
( -1.899  2.301  0.501 )
( -1.899  2.401  0.501 )
( -1.899  2.501  0.501 )
( -1.899  2.601  0.501 )
( -1.899  2.701  0.501 )
( -1.899  2.801  0.501 )
( -1.899  2.901  0.501 )
( -1.899  2.999  0.501 )
( -1.799  -0.999  0.501 )
( -1.799  -0.899  0.501 )
( -1.799  -0.799  0.501 )
( -1.799  -0.699  0.501 )
( -1.799  -0.599  0.501 )
( -1.799  -0.499  0.501 )
( -1.799  -0.399  0.501 )
( -1.799  -0.299  0.501 )
( -1.799  -0.199  0.501 )
( -1.799  -0.099  0.501 )
( -1.799  0.001  0.501 )
( -1.799  0.101  0.501 )
( -1.799  0.201  0.501 )
( -1.799  0.301  0.501 )
( -1.799  0.401  0.501 )
( -1.799  0.501  0.501 )
( -1.799  0.601  0.501 )
( -1.799  0.701  0.501 )
( -1.799  0.801  0.501 )
( -1.799  0.901  0.501 )
( -1.799  1.001  0.501 )
( -1.799  1.101  0.501 )
( -1.799  1.201  0.501 )
( -1.799  1.301  0.501 )
( -1.799  1.401  0.501 )
( -1.799  1.501  0.501 )
( -1.799  1.601  0.501 )
( -1.799  1.701  0.501 )
( -1.799  1.801  0.501 )
( -1.799  1.901  0.501 )
( -1.799  2.001  0.501 )
( -1.799  2.101  0.501 )
( -1.799  2.201  0.501 )
( -1.799  2.301  0.501 )
( -1.799  2.401  0.501 )
( -1.799  2.501  0.501 )
( -1.799  2.601  0.501 )
( -1.799  2.701  0.501 )
( -1.799  2.801  0.501 )
( -1.799  2.901  0.501 )
( -1.799  2.999  0.501 )
( -1.699  -0.999  0.501 )
( -1.699  -0.899  0.501 )
( -1.699  -0.799  0.501 )
( -1.699  -0.699  0.501 )
( -1.699  -0.599  0.501 )
( -1.699  -0.499  0.501 )
( -1.699  -0.399  0.501 )
( -1.699  -0.299  0.501 )
( -1.699  -0.199  0.501 )
( -1.699  -0.099  0.501 )
( -1.699  0.001  0.501 )
( -1.699  0.101  0.501 )
( -1.699  0.201  0.501 )
( -1.699  0.301  0.501 )
( -1.699  0.401  0.501 )
( -1.699  0.501  0.501 )
( -1.699  0.601  0.501 )
( -1.699  0.701  0.501 )
( -1.699  0.801  0.501 )
( -1.699  0.901  0.501 )
( -1.699  1.001  0.501 )
( -1.699  1.101  0.501 )
( -1.699  1.201  0.501 )
( -1.699  1.301  0.501 )
( -1.699  1.401  0.501 )
( -1.699  1.501  0.501 )
( -1.699  1.601  0.501 )
( -1.699  1.701  0.501 )
( -1.699  1.801  0.501 )
( -1.699  1.901  0.501 )
( -1.699  2.001  0.501 )
( -1.699  2.101  0.501 )
( -1.699  2.201  0.501 )
( -1.699  2.301  0.501 )
( -1.699  2.401  0.501 )
( -1.699  2.501  0.501 )
( -1.699  2.601  0.501 )
( -1.699  2.701  0.501 )
( -1.699  2.801  0.501 )
( -1.699  2.901  0.501 )
( -1.699  2.999  0.501 )
( -1.599  -0.999  0.501 )
( -1.599  -0.899  0.501 )
( -1.599  -0.799  0.501 )
( -1.599  -0.699  0.501 )
( -1.599  -0.599  0.501 )
( -1.599  -0.499  0.501 )
( -1.599  -0.399  0.501 )
( -1.599  -0.299  0.501 )
( -1.599  -0.199  0.501 )
( -1.599  -0.099  0.501 )
( -1.599  0.001  0.501 )
( -1.599  0.101  0.501 )
( -1.599  0.201  0.501 )
( -1.599  0.301  0.501 )
( -1.599  0.401  0.501 )
( -1.599  0.501  0.501 )
( -1.599  0.601  0.501 )
( -1.599  0.701  0.501 )
( -1.599  0.801  0.501 )
( -1.599  0.901  0.501 )
( -1.599  1.001  0.501 )
( -1.599  1.101  0.501 )
( -1.599  1.201  0.501 )
( -1.599  1.301  0.501 )
( -1.599  1.401  0.501 )
( -1.599  1.501  0.501 )
( -1.599  1.601  0.501 )
( -1.599  1.701  0.501 )
( -1.599  1.801  0.501 )
( -1.599  1.901  0.501 )
( -1.599  2.001  0.501 )
( -1.599  2.101  0.501 )
( -1.599  2.201  0.501 )
( -1.599  2.301  0.501 )
( -1.599  2.401  0.501 )
( -1.599  2.501  0.501 )
( -1.599  2.601  0.501 )
( -1.599  2.701  0.501 )
( -1.599  2.801  0.501 )
( -1.599  2.901  0.501 )
( -1.599  2.999  0.501 )
( -1.499  -0.999  0.501 )
( -1.499  -0.899  0.501 )
( -1.499  -0.799  0.501 )
( -1.499  -0.699  0.501 )
( -1.499  -0.599  0.501 )
( -1.499  -0.499  0.501 )
( -1.499  -0.399  0.501 )
( -1.499  -0.299  0.501 )
( -1.499  -0.199  0.501 )
( -1.499  -0.099  0.501 )
( -1.499  0.001  0.501 )
( -1.499  0.101  0.501 )
( -1.499  0.201  0.501 )
( -1.499  0.301  0.501 )
( -1.499  0.401  0.501 )
( -1.499  0.501  0.501 )
( -1.499  0.601  0.501 )
( -1.499  0.701  0.501 )
( -1.499  0.801  0.501 )
( -1.499  0.901  0.501 )
( -1.499  1.001  0.501 )
( -1.499  1.101  0.501 )
( -1.499  1.201  0.501 )
( -1.499  1.301  0.501 )
( -1.499  1.401  0.501 )
( -1.499  1.501  0.501 )
( -1.499  1.601  0.501 )
( -1.499  1.701  0.501 )
( -1.499  1.801  0.501 )
( -1.499  1.901  0.501 )
( -1.499  2.001  0.501 )
( -1.499  2.101  0.501 )
( -1.499  2.201  0.501 )
( -1.499  2.301  0.501 )
( -1.499  2.401  0.501 )
( -1.499  2.501  0.501 )
( -1.499  2.601  0.501 )
( -1.499  2.701  0.501 )
( -1.499  2.801  0.501 )
( -1.499  2.901  0.501 )
( -1.499  2.999  0.501 )
( -1.399  -0.999  0.501 )
( -1.399  -0.899  0.501 )
( -1.399  -0.799  0.501 )
( -1.399  -0.699  0.501 )
( -1.399  -0.599  0.501 )
( -1.399  -0.499  0.501 )
( -1.399  -0.399  0.501 )
( -1.399  -0.299  0.501 )
( -1.399  -0.199  0.501 )
( -1.399  -0.099  0.501 )
( -1.399  0.001  0.501 )
( -1.399  0.101  0.501 )
( -1.399  0.201  0.501 )
( -1.399  0.301  0.501 )
( -1.399  0.401  0.501 )
( -1.399  0.501  0.501 )
( -1.399  0.601  0.501 )
( -1.399  0.701  0.501 )
( -1.399  0.801  0.501 )
( -1.399  0.901  0.501 )
( -1.399  1.001  0.501 )
( -1.399  1.101  0.501 )
( -1.399  1.201  0.501 )
( -1.399  1.301  0.501 )
( -1.399  1.401  0.501 )
( -1.399  1.501  0.501 )
( -1.399  1.601  0.501 )
( -1.399  1.701  0.501 )
( -1.399  1.801  0.501 )
( -1.399  1.901  0.501 )
( -1.399  2.001  0.501 )
( -1.399  2.101  0.501 )
( -1.399  2.201  0.501 )
( -1.399  2.301  0.501 )
( -1.399  2.401  0.501 )
( -1.399  2.501  0.501 )
( -1.399  2.601  0.501 )
( -1.399  2.701  0.501 )
( -1.399  2.801  0.501 )
( -1.399  2.901  0.501 )
( -1.399  2.999  0.501 )
( -1.299  -0.999  0.501 )
( -1.299  -0.899  0.501 )
( -1.299  -0.799  0.501 )
( -1.299  -0.699  0.501 )
( -1.299  -0.599  0.501 )
( -1.299  -0.499  0.501 )
( -1.299  -0.399  0.501 )
( -1.299  -0.299  0.501 )
( -1.299  -0.199  0.501 )
( -1.299  -0.099  0.501 )
( -1.299  0.001  0.501 )
( -1.299  0.101  0.501 )
( -1.299  0.201  0.501 )
( -1.299  0.301  0.501 )
( -1.299  0.401  0.501 )
( -1.299  0.501  0.501 )
( -1.299  0.601  0.501 )
( -1.299  0.701  0.501 )
( -1.299  0.801  0.501 )
( -1.299  0.901  0.501 )
( -1.299  1.001  0.501 )
( -1.299  1.101  0.501 )
( -1.299  1.201  0.501 )
( -1.299  1.301  0.501 )
( -1.299  1.401  0.501 )
( -1.299  1.501  0.501 )
( -1.299  1.601  0.501 )
( -1.299  1.701  0.501 )
( -1.299  1.801  0.501 )
( -1.299  1.901  0.501 )
( -1.299  2.001  0.501 )
( -1.299  2.101  0.501 )
( -1.299  2.201  0.501 )
( -1.299  2.301  0.501 )
( -1.299  2.401  0.501 )
( -1.299  2.501  0.501 )
( -1.299  2.601  0.501 )
( -1.299  2.701  0.501 )
( -1.299  2.801  0.501 )
( -1.299  2.901  0.501 )
( -1.299  2.999  0.501 )
( -1.199  -0.999  0.501 )
( -1.199  -0.899  0.501 )
( -1.199  -0.799  0.501 )
( -1.199  -0.699  0.501 )
( -1.199  -0.599  0.501 )
( -1.199  -0.499  0.501 )
( -1.199  -0.399  0.501 )
( -1.199  -0.299  0.501 )
( -1.199  -0.199  0.501 )
( -1.199  -0.099  0.501 )
( -1.199  0.001  0.501 )
( -1.199  0.101  0.501 )
( -1.199  0.201  0.501 )
( -1.199  0.301  0.501 )
( -1.199  0.401  0.501 )
( -1.199  0.501  0.501 )
( -1.199  0.601  0.501 )
( -1.199  0.701  0.501 )
( -1.199  0.801  0.501 )
( -1.199  0.901  0.501 )
( -1.199  1.001  0.501 )
( -1.199  1.101  0.501 )
( -1.199  1.201  0.501 )
( -1.199  1.301  0.501 )
( -1.199  1.401  0.501 )
( -1.199  1.501  0.501 )
( -1.199  1.601  0.501 )
( -1.199  1.701  0.501 )
( -1.199  1.801  0.501 )
( -1.199  1.901  0.501 )
( -1.199  2.001  0.501 )
( -1.199  2.101  0.501 )
( -1.199  2.201  0.501 )
( -1.199  2.301  0.501 )
( -1.199  2.401  0.501 )
( -1.199  2.501  0.501 )
( -1.199  2.601  0.501 )
( -1.199  2.701  0.501 )
( -1.199  2.801  0.501 )
( -1.199  2.901  0.501 )
( -1.199  2.999  0.501 )
( -1.099  -0.999  0.501 )
( -1.099  -0.899  0.501 )
( -1.099  -0.799  0.501 )
( -1.099  -0.699  0.501 )
( -1.099  -0.599  0.501 )
( -1.099  -0.499  0.501 )
( -1.099  -0.399  0.501 )
( -1.099  -0.299  0.501 )
( -1.099  -0.199  0.501 )
( -1.099  -0.099  0.501 )
( -1.099  0.001  0.501 )
( -1.099  0.101  0.501 )
( -1.099  0.201  0.501 )
( -1.099  0.301  0.501 )
( -1.099  0.401  0.501 )
( -1.099  0.501  0.501 )
( -1.099  0.601  0.501 )
( -1.099  0.701  0.501 )
( -1.099  0.801  0.501 )
( -1.099  0.901  0.501 )
( -1.099  1.001  0.501 )
( -1.099  1.101  0.501 )
( -1.099  1.201  0.501 )
( -1.099  1.301  0.501 )
( -1.099  1.401  0.501 )
( -1.099  1.501  0.501 )
( -1.099  1.601  0.501 )
( -1.099  1.701  0.501 )
( -1.099  1.801  0.501 )
( -1.099  1.901  0.501 )
( -1.099  2.001  0.501 )
( -1.099  2.101  0.501 )
( -1.099  2.201  0.501 )
( -1.099  2.301  0.501 )
( -1.099  2.401  0.501 )
( -1.099  2.501  0.501 )
( -1.099  2.601  0.501 )
( -1.099  2.701  0.501 )
( -1.099  2.801  0.501 )
( -1.099  2.901  0.501 )
( -1.099  2.999  0.501 )
( -0.999  1.101  0.501 )
( -0.999  1.201  0.501 )
( -0.999  1.301  0.501 )
( -0.999  1.401  0.501 )
( -0.999  1.501  0.501 )
( -0.999  1.601  0.501 )
( -0.999  1.701  0.501 )
( -0.999  1.801  0.501 )
( -0.999  1.901  0.501 )
( -0.999  2.001  0.501 )
( -0.999  2.101  0.501 )
( -0.999  2.201  0.501 )
( -0.999  2.301  0.501 )
( -0.999  2.401  0.501 )
( -0.999  2.501  0.501 )
( -0.999  2.601  0.501 )
( -0.999  2.701  0.501 )
( -0.999  2.801  0.501 )
( -0.999  2.901  0.501 )
( -0.999  2.999  0.501 )
( -0.899  1.101  0.501 )
( -0.899  1.201  0.501 )
( -0.899  1.301  0.501 )
( -0.899  1.401  0.501 )
( -0.899  1.501  0.501 )
( -0.899  1.601  0.501 )
( -0.899  1.701  0.501 )
( -0.899  1.801  0.501 )
( -0.899  1.901  0.501 )
( -0.899  2.001  0.501 )
( -0.899  2.101  0.501 )
( -0.899  2.201  0.501 )
( -0.899  2.301  0.501 )
( -0.899  2.401  0.501 )
( -0.899  2.501  0.501 )
( -0.899  2.601  0.501 )
( -0.899  2.701  0.501 )
( -0.899  2.801  0.501 )
( -0.899  2.901  0.501 )
( -0.899  2.999  0.501 )
( -0.799  1.101  0.501 )
( -0.799  1.201  0.501 )
( -0.799  1.301  0.501 )
( -0.799  1.401  0.501 )
( -0.799  1.501  0.501 )
( -0.799  1.601  0.501 )
( -0.799  1.701  0.501 )
( -0.799  1.801  0.501 )
( -0.799  1.901  0.501 )
( -0.799  2.001  0.501 )
( -0.799  2.101  0.501 )
( -0.799  2.201  0.501 )
( -0.799  2.301  0.501 )
( -0.799  2.401  0.501 )
( -0.799  2.501  0.501 )
( -0.799  2.601  0.501 )
( -0.799  2.701  0.501 )
( -0.799  2.801  0.501 )
( -0.799  2.901  0.501 )
( -0.799  2.999  0.501 )
( -0.699  1.101  0.501 )
( -0.699  1.201  0.501 )
( -0.699  1.301  0.501 )
( -0.699  1.401  0.501 )
( -0.699  1.501  0.501 )
( -0.699  1.601  0.501 )
( -0.699  1.701  0.501 )
( -0.699  1.801  0.501 )
( -0.699  1.901  0.501 )
( -0.699  2.001  0.501 )
( -0.699  2.101  0.501 )
( -0.699  2.201  0.501 )
( -0.699  2.301  0.501 )
( -0.699  2.401  0.501 )
( -0.699  2.501  0.501 )
( -0.699  2.601  0.501 )
( -0.699  2.701  0.501 )
( -0.699  2.801  0.501 )
( -0.699  2.901  0.501 )
( -0.699  2.999  0.501 )
( -0.599  1.101  0.501 )
( -0.599  1.201  0.501 )
( -0.599  1.301  0.501 )
( -0.599  1.401  0.501 )
( -0.599  1.501  0.501 )
( -0.599  1.601  0.501 )
( -0.599  1.701  0.501 )
( -0.599  1.801  0.501 )
( -0.599  1.901  0.501 )
( -0.599  2.001  0.501 )
( -0.599  2.101  0.501 )
( -0.599  2.201  0.501 )
( -0.599  2.301  0.501 )
( -0.599  2.401  0.501 )
( -0.599  2.501  0.501 )
( -0.599  2.601  0.501 )
( -0.599  2.701  0.501 )
( -0.599  2.801  0.501 )
( -0.599  2.901  0.501 )
( -0.599  2.999  0.501 )
( -0.499  1.101  0.501 )
( -0.499  1.201  0.501 )
( -0.499  1.301  0.501 )
( -0.499  1.401  0.501 )
( -0.499  1.501  0.501 )
( -0.499  1.601  0.501 )
( -0.499  1.701  0.501 )
( -0.499  1.801  0.501 )
( -0.499  1.901  0.501 )
( -0.499  2.001  0.501 )
( -0.499  2.101  0.501 )
( -0.499  2.201  0.501 )
( -0.499  2.301  0.501 )
( -0.499  2.401  0.501 )
( -0.499  2.501  0.501 )
( -0.499  2.601  0.501 )
( -0.499  2.701  0.501 )
( -0.499  2.801  0.501 )
( -0.499  2.901  0.501 )
( -0.499  2.999  0.501 )
( -0.399  1.101  0.501 )
( -0.399  1.201  0.501 )
( -0.399  1.301  0.501 )
( -0.399  1.401  0.501 )
( -0.399  1.501  0.501 )
( -0.399  1.601  0.501 )
( -0.399  1.701  0.501 )
( -0.399  1.801  0.501 )
( -0.399  1.901  0.501 )
( -0.399  2.001  0.501 )
( -0.399  2.101  0.501 )
( -0.399  2.201  0.501 )
( -0.399  2.301  0.501 )
( -0.399  2.401  0.501 )
( -0.399  2.501  0.501 )
( -0.399  2.601  0.501 )
( -0.399  2.701  0.501 )
( -0.399  2.801  0.501 )
( -0.399  2.901  0.501 )
( -0.399  2.999  0.501 )
( -0.299  1.101  0.501 )
( -0.299  1.201  0.501 )
( -0.299  1.301  0.501 )
( -0.299  1.401  0.501 )
( -0.299  1.501  0.501 )
( -0.299  1.601  0.501 )
( -0.299  1.701  0.501 )
( -0.299  1.801  0.501 )
( -0.299  1.901  0.501 )
( -0.299  2.001  0.501 )
( -0.299  2.101  0.501 )
( -0.299  2.201  0.501 )
( -0.299  2.301  0.501 )
( -0.299  2.401  0.501 )
( -0.299  2.501  0.501 )
( -0.299  2.601  0.501 )
( -0.299  2.701  0.501 )
( -0.299  2.801  0.501 )
( -0.299  2.901  0.501 )
( -0.299  2.999  0.501 )
( -0.199  1.101  0.501 )
( -0.199  1.201  0.501 )
( -0.199  1.301  0.501 )
( -0.199  1.401  0.501 )
( -0.199  1.501  0.501 )
( -0.199  1.601  0.501 )
( -0.199  1.701  0.501 )
( -0.199  1.801  0.501 )
( -0.199  1.901  0.501 )
( -0.199  2.001  0.501 )
( -0.199  2.101  0.501 )
( -0.199  2.201  0.501 )
( -0.199  2.301  0.501 )
( -0.199  2.401  0.501 )
( -0.199  2.501  0.501 )
( -0.199  2.601  0.501 )
( -0.199  2.701  0.501 )
( -0.199  2.801  0.501 )
( -0.199  2.901  0.501 )
( -0.199  2.999  0.501 )
( -0.099  1.101  0.501 )
( -0.099  1.201  0.501 )
( -0.099  1.301  0.501 )
( -0.099  1.401  0.501 )
( -0.099  1.501  0.501 )
( -0.099  1.601  0.501 )
( -0.099  1.701  0.501 )
( -0.099  1.801  0.501 )
( -0.099  1.901  0.501 )
( -0.099  2.001  0.501 )
( -0.099  2.101  0.501 )
( -0.099  2.201  0.501 )
( -0.099  2.301  0.501 )
( -0.099  2.401  0.501 )
( -0.099  2.501  0.501 )
( -0.099  2.601  0.501 )
( -0.099  2.701  0.501 )
( -0.099  2.801  0.501 )
( -0.099  2.901  0.501 )
( -0.099  2.999  0.501 )
( 0.001  1.101  0.501 )
( 0.001  1.201  0.501 )
( 0.001  1.301  0.501 )
( 0.001  1.401  0.501 )
( 0.001  1.501  0.501 )
( 0.001  1.601  0.501 )
( 0.001  1.701  0.501 )
( 0.001  1.801  0.501 )
( 0.001  1.901  0.501 )
( 0.001  2.001  0.501 )
( 0.001  2.101  0.501 )
( 0.001  2.201  0.501 )
( 0.001  2.301  0.501 )
( 0.001  2.401  0.501 )
( 0.001  2.501  0.501 )
( 0.001  2.601  0.501 )
( 0.001  2.701  0.501 )
( 0.001  2.801  0.501 )
( 0.001  2.901  0.501 )
( 0.001  2.999  0.501 )
( 0.101  1.101  0.501 )
( 0.101  1.201  0.501 )
( 0.101  1.301  0.501 )
( 0.101  1.401  0.501 )
( 0.101  1.501  0.501 )
( 0.101  1.601  0.501 )
( 0.101  1.701  0.501 )
( 0.101  1.801  0.501 )
( 0.101  1.901  0.501 )
( 0.101  2.001  0.501 )
( 0.101  2.101  0.501 )
( 0.101  2.201  0.501 )
( 0.101  2.301  0.501 )
( 0.101  2.401  0.501 )
( 0.101  2.501  0.501 )
( 0.101  2.601  0.501 )
( 0.101  2.701  0.501 )
( 0.101  2.801  0.501 )
( 0.101  2.901  0.501 )
( 0.101  2.999  0.501 )
( 0.201  1.101  0.501 )
( 0.201  1.201  0.501 )
( 0.201  1.301  0.501 )
( 0.201  1.401  0.501 )
( 0.201  1.501  0.501 )
( 0.201  1.601  0.501 )
( 0.201  1.701  0.501 )
( 0.201  1.801  0.501 )
( 0.201  1.901  0.501 )
( 0.201  2.001  0.501 )
( 0.201  2.101  0.501 )
( 0.201  2.201  0.501 )
( 0.201  2.301  0.501 )
( 0.201  2.401  0.501 )
( 0.201  2.501  0.501 )
( 0.201  2.601  0.501 )
( 0.201  2.701  0.501 )
( 0.201  2.801  0.501 )
( 0.201  2.901  0.501 )
( 0.201  2.999  0.501 )
( 0.301  1.101  0.501 )
( 0.301  1.201  0.501 )
( 0.301  1.301  0.501 )
( 0.301  1.401  0.501 )
( 0.301  1.501  0.501 )
( 0.301  1.601  0.501 )
( 0.301  1.701  0.501 )
( 0.301  1.801  0.501 )
( 0.301  1.901  0.501 )
( 0.301  2.001  0.501 )
( 0.301  2.101  0.501 )
( 0.301  2.201  0.501 )
( 0.301  2.301  0.501 )
( 0.301  2.401  0.501 )
( 0.301  2.501  0.501 )
( 0.301  2.601  0.501 )
( 0.301  2.701  0.501 )
( 0.301  2.801  0.501 )
( 0.301  2.901  0.501 )
( 0.301  2.999  0.501 )
( 0.401  1.101  0.501 )
( 0.401  1.201  0.501 )
( 0.401  1.301  0.501 )
( 0.401  1.401  0.501 )
( 0.401  1.501  0.501 )
( 0.401  1.601  0.501 )
( 0.401  1.701  0.501 )
( 0.401  1.801  0.501 )
( 0.401  1.901  0.501 )
( 0.401  2.001  0.501 )
( 0.401  2.101  0.501 )
( 0.401  2.201  0.501 )
( 0.401  2.301  0.501 )
( 0.401  2.401  0.501 )
( 0.401  2.501  0.501 )
( 0.401  2.601  0.501 )
( 0.401  2.701  0.501 )
( 0.401  2.801  0.501 )
( 0.401  2.901  0.501 )
( 0.401  2.999  0.501 )
( 0.501  1.101  0.501 )
( 0.501  1.201  0.501 )
( 0.501  1.301  0.501 )
( 0.501  1.401  0.501 )
( 0.501  1.501  0.501 )
( 0.501  1.601  0.501 )
( 0.501  1.701  0.501 )
( 0.501  1.801  0.501 )
( 0.501  1.901  0.501 )
( 0.501  2.001  0.501 )
( 0.501  2.101  0.501 )
( 0.501  2.201  0.501 )
( 0.501  2.301  0.501 )
( 0.501  2.401  0.501 )
( 0.501  2.501  0.501 )
( 0.501  2.601  0.501 )
( 0.501  2.701  0.501 )
( 0.501  2.801  0.501 )
( 0.501  2.901  0.501 )
( 0.501  2.999  0.501 )
( 0.601  1.101  0.501 )
( 0.601  1.201  0.501 )
( 0.601  1.301  0.501 )
( 0.601  1.401  0.501 )
( 0.601  1.501  0.501 )
( 0.601  1.601  0.501 )
( 0.601  1.701  0.501 )
( 0.601  1.801  0.501 )
( 0.601  1.901  0.501 )
( 0.601  2.001  0.501 )
( 0.601  2.101  0.501 )
( 0.601  2.201  0.501 )
( 0.601  2.301  0.501 )
( 0.601  2.401  0.501 )
( 0.601  2.501  0.501 )
( 0.601  2.601  0.501 )
( 0.601  2.701  0.501 )
( 0.601  2.801  0.501 )
( 0.601  2.901  0.501 )
( 0.601  2.999  0.501 )
( 0.701  1.101  0.501 )
( 0.701  1.201  0.501 )
( 0.701  1.301  0.501 )
( 0.701  1.401  0.501 )
( 0.701  1.501  0.501 )
( 0.701  1.601  0.501 )
( 0.701  1.701  0.501 )
( 0.701  1.801  0.501 )
( 0.701  1.901  0.501 )
( 0.701  2.001  0.501 )
( 0.701  2.101  0.501 )
( 0.701  2.201  0.501 )
( 0.701  2.301  0.501 )
( 0.701  2.401  0.501 )
( 0.701  2.501  0.501 )
( 0.701  2.601  0.501 )
( 0.701  2.701  0.501 )
( 0.701  2.801  0.501 )
( 0.701  2.901  0.501 )
( 0.701  2.999  0.501 )
( 0.801  1.101  0.501 )
( 0.801  1.201  0.501 )
( 0.801  1.301  0.501 )
( 0.801  1.401  0.501 )
( 0.801  1.501  0.501 )
( 0.801  1.601  0.501 )
( 0.801  1.701  0.501 )
( 0.801  1.801  0.501 )
( 0.801  1.901  0.501 )
( 0.801  2.001  0.501 )
( 0.801  2.101  0.501 )
( 0.801  2.201  0.501 )
( 0.801  2.301  0.501 )
( 0.801  2.401  0.501 )
( 0.801  2.501  0.501 )
( 0.801  2.601  0.501 )
( 0.801  2.701  0.501 )
( 0.801  2.801  0.501 )
( 0.801  2.901  0.501 )
( 0.801  2.999  0.501 )
( 0.901  1.101  0.501 )
( 0.901  1.201  0.501 )
( 0.901  1.301  0.501 )
( 0.901  1.401  0.501 )
( 0.901  1.501  0.501 )
( 0.901  1.601  0.501 )
( 0.901  1.701  0.501 )
( 0.901  1.801  0.501 )
( 0.901  1.901  0.501 )
( 0.901  2.001  0.501 )
( 0.901  2.101  0.501 )
( 0.901  2.201  0.501 )
( 0.901  2.301  0.501 )
( 0.901  2.401  0.501 )
( 0.901  2.501  0.501 )
( 0.901  2.601  0.501 )
( 0.901  2.701  0.501 )
( 0.901  2.801  0.501 )
( 0.901  2.901  0.501 )
( 0.901  2.999  0.501 )
( 1.001  1.101  0.501 )
( 1.001  1.201  0.501 )
( 1.001  1.301  0.501 )
( 1.001  1.401  0.501 )
( 1.001  1.501  0.501 )
( 1.001  1.601  0.501 )
( 1.001  1.701  0.501 )
( 1.001  1.801  0.501 )
( 1.001  1.901  0.501 )
( 1.001  2.001  0.501 )
( 1.001  2.101  0.501 )
( 1.001  2.201  0.501 )
( 1.001  2.301  0.501 )
( 1.001  2.401  0.501 )
( 1.001  2.501  0.501 )
( 1.001  2.601  0.501 )
( 1.001  2.701  0.501 )
( 1.001  2.801  0.501 )
( 1.001  2.901  0.501 )
( 1.001  2.999  0.501 )
( 1.101  1.101  0.501 )
( 1.101  1.201  0.501 )
( 1.101  1.301  0.501 )
( 1.101  1.401  0.501 )
( 1.101  1.501  0.501 )
( 1.101  1.601  0.501 )
( 1.101  1.701  0.501 )
( 1.101  1.801  0.501 )
( 1.101  1.901  0.501 )
( 1.101  2.001  0.501 )
( 1.101  2.101  0.501 )
( 1.101  2.201  0.501 )
( 1.101  2.301  0.501 )
( 1.101  2.401  0.501 )
( 1.101  2.501  0.501 )
( 1.101  2.601  0.501 )
( 1.101  2.701  0.501 )
( 1.101  2.801  0.501 )
( 1.101  2.901  0.501 )
( 1.101  2.999  0.501 )
( 1.201  1.101  0.501 )
( 1.201  1.201  0.501 )
( 1.201  1.301  0.501 )
( 1.201  1.401  0.501 )
( 1.201  1.501  0.501 )
( 1.201  1.601  0.501 )
( 1.201  1.701  0.501 )
( 1.201  1.801  0.501 )
( 1.201  1.901  0.501 )
( 1.201  2.001  0.501 )
( 1.201  2.101  0.501 )
( 1.201  2.201  0.501 )
( 1.201  2.301  0.501 )
( 1.201  2.401  0.501 )
( 1.201  2.501  0.501 )
( 1.201  2.601  0.501 )
( 1.201  2.701  0.501 )
( 1.201  2.801  0.501 )
( 1.201  2.901  0.501 )
( 1.201  2.999  0.501 )
( 1.301  1.101  0.501 )
( 1.301  1.201  0.501 )
( 1.301  1.301  0.501 )
( 1.301  1.401  0.501 )
( 1.301  1.501  0.501 )
( 1.301  1.601  0.501 )
( 1.301  1.701  0.501 )
( 1.301  1.801  0.501 )
( 1.301  1.901  0.501 )
( 1.301  2.001  0.501 )
( 1.301  2.101  0.501 )
( 1.301  2.201  0.501 )
( 1.301  2.301  0.501 )
( 1.301  2.401  0.501 )
( 1.301  2.501  0.501 )
( 1.301  2.601  0.501 )
( 1.301  2.701  0.501 )
( 1.301  2.801  0.501 )
( 1.301  2.901  0.501 )
( 1.301  2.999  0.501 )
( 1.401  1.101  0.501 )
( 1.401  1.201  0.501 )
( 1.401  1.301  0.501 )
( 1.401  1.401  0.501 )
( 1.401  1.501  0.501 )
( 1.401  1.601  0.501 )
( 1.401  1.701  0.501 )
( 1.401  1.801  0.501 )
( 1.401  1.901  0.501 )
( 1.401  2.001  0.501 )
( 1.401  2.101  0.501 )
( 1.401  2.201  0.501 )
( 1.401  2.301  0.501 )
( 1.401  2.401  0.501 )
( 1.401  2.501  0.501 )
( 1.401  2.601  0.501 )
( 1.401  2.701  0.501 )
( 1.401  2.801  0.501 )
( 1.401  2.901  0.501 )
( 1.401  2.999  0.501 )
( 1.501  1.101  0.501 )
( 1.501  1.201  0.501 )
( 1.501  1.301  0.501 )
( 1.501  1.401  0.501 )
( 1.501  1.501  0.501 )
( 1.501  1.601  0.501 )
( 1.501  1.701  0.501 )
( 1.501  1.801  0.501 )
( 1.501  1.901  0.501 )
( 1.501  2.001  0.501 )
( 1.501  2.101  0.501 )
( 1.501  2.201  0.501 )
( 1.501  2.301  0.501 )
( 1.501  2.401  0.501 )
( 1.501  2.501  0.501 )
( 1.501  2.601  0.501 )
( 1.501  2.701  0.501 )
( 1.501  2.801  0.501 )
( 1.501  2.901  0.501 )
( 1.501  2.999  0.501 )
( 1.601  1.101  0.501 )
( 1.601  1.201  0.501 )
( 1.601  1.301  0.501 )
( 1.601  1.401  0.501 )
( 1.601  1.501  0.501 )
( 1.601  1.601  0.501 )
( 1.601  1.701  0.501 )
( 1.601  1.801  0.501 )
( 1.601  1.901  0.501 )
( 1.601  2.001  0.501 )
( 1.601  2.101  0.501 )
( 1.601  2.201  0.501 )
( 1.601  2.301  0.501 )
( 1.601  2.401  0.501 )
( 1.601  2.501  0.501 )
( 1.601  2.601  0.501 )
( 1.601  2.701  0.501 )
( 1.601  2.801  0.501 )
( 1.601  2.901  0.501 )
( 1.601  2.999  0.501 )
( 1.701  1.101  0.501 )
( 1.701  1.201  0.501 )
( 1.701  1.301  0.501 )
( 1.701  1.401  0.501 )
( 1.701  1.501  0.501 )
( 1.701  1.601  0.501 )
( 1.701  1.701  0.501 )
( 1.701  1.801  0.501 )
( 1.701  1.901  0.501 )
( 1.701  2.001  0.501 )
( 1.701  2.101  0.501 )
( 1.701  2.201  0.501 )
( 1.701  2.301  0.501 )
( 1.701  2.401  0.501 )
( 1.701  2.501  0.501 )
( 1.701  2.601  0.501 )
( 1.701  2.701  0.501 )
( 1.701  2.801  0.501 )
( 1.701  2.901  0.501 )
( 1.701  2.999  0.501 )
( 1.801  1.101  0.501 )
( 1.801  1.201  0.501 )
( 1.801  1.301  0.501 )
( 1.801  1.401  0.501 )
( 1.801  1.501  0.501 )
( 1.801  1.601  0.501 )
( 1.801  1.701  0.501 )
( 1.801  1.801  0.501 )
( 1.801  1.901  0.501 )
( 1.801  2.001  0.501 )
( 1.801  2.101  0.501 )
( 1.801  2.201  0.501 )
( 1.801  2.301  0.501 )
( 1.801  2.401  0.501 )
( 1.801  2.501  0.501 )
( 1.801  2.601  0.501 )
( 1.801  2.701  0.501 )
( 1.801  2.801  0.501 )
( 1.801  2.901  0.501 )
( 1.801  2.999  0.501 )
( 1.901  1.101  0.501 )
( 1.901  1.201  0.501 )
( 1.901  1.301  0.501 )
( 1.901  1.401  0.501 )
( 1.901  1.501  0.501 )
( 1.901  1.601  0.501 )
( 1.901  1.701  0.501 )
( 1.901  1.801  0.501 )
( 1.901  1.901  0.501 )
( 1.901  2.001  0.501 )
( 1.901  2.101  0.501 )
( 1.901  2.201  0.501 )
( 1.901  2.301  0.501 )
( 1.901  2.401  0.501 )
( 1.901  2.501  0.501 )
( 1.901  2.601  0.501 )
( 1.901  2.701  0.501 )
( 1.901  2.801  0.501 )
( 1.901  2.901  0.501 )
( 1.901  2.999  0.501 )
( 2.001  1.101  0.501 )
( 2.001  1.201  0.501 )
( 2.001  1.301  0.501 )
( 2.001  1.401  0.501 )
( 2.001  1.501  0.501 )
( 2.001  1.601  0.501 )
( 2.001  1.701  0.501 )
( 2.001  1.801  0.501 )
( 2.001  1.901  0.501 )
( 2.001  2.001  0.501 )
( 2.001  2.101  0.501 )
( 2.001  2.201  0.501 )
( 2.001  2.301  0.501 )
( 2.001  2.401  0.501 )
( 2.001  2.501  0.501 )
( 2.001  2.601  0.501 )
( 2.001  2.701  0.501 )
( 2.001  2.801  0.501 )
( 2.001  2.901  0.501 )
( 2.001  2.999  0.501 )
( 2.101  1.101  0.501 )
( 2.101  1.201  0.501 )
( 2.101  1.301  0.501 )
( 2.101  1.401  0.501 )
( 2.101  1.501  0.501 )
( 2.101  1.601  0.501 )
( 2.101  1.701  0.501 )
( 2.101  1.801  0.501 )
( 2.101  1.901  0.501 )
( 2.101  2.001  0.501 )
( 2.101  2.101  0.501 )
( 2.101  2.201  0.501 )
( 2.101  2.301  0.501 )
( 2.101  2.401  0.501 )
( 2.101  2.501  0.501 )
( 2.101  2.601  0.501 )
( 2.101  2.701  0.501 )
( 2.101  2.801  0.501 )
( 2.101  2.901  0.501 )
( 2.101  2.999  0.501 )
( 2.201  1.101  0.501 )
( 2.201  1.201  0.501 )
( 2.201  1.301  0.501 )
( 2.201  1.401  0.501 )
( 2.201  1.501  0.501 )
( 2.201  1.601  0.501 )
( 2.201  1.701  0.501 )
( 2.201  1.801  0.501 )
( 2.201  1.901  0.501 )
( 2.201  2.001  0.501 )
( 2.201  2.101  0.501 )
( 2.201  2.201  0.501 )
( 2.201  2.301  0.501 )
( 2.201  2.401  0.501 )
( 2.201  2.501  0.501 )
( 2.201  2.601  0.501 )
( 2.201  2.701  0.501 )
( 2.201  2.801  0.501 )
( 2.201  2.901  0.501 )
( 2.201  2.999  0.501 )
( 2.301  1.101  0.501 )
( 2.301  1.201  0.501 )
( 2.301  1.301  0.501 )
( 2.301  1.401  0.501 )
( 2.301  1.501  0.501 )
( 2.301  1.601  0.501 )
( 2.301  1.701  0.501 )
( 2.301  1.801  0.501 )
( 2.301  1.901  0.501 )
( 2.301  2.001  0.501 )
( 2.301  2.101  0.501 )
( 2.301  2.201  0.501 )
( 2.301  2.301  0.501 )
( 2.301  2.401  0.501 )
( 2.301  2.501  0.501 )
( 2.301  2.601  0.501 )
( 2.301  2.701  0.501 )
( 2.301  2.801  0.501 )
( 2.301  2.901  0.501 )
( 2.301  2.999  0.501 )
( 2.401  1.101  0.501 )
( 2.401  1.201  0.501 )
( 2.401  1.301  0.501 )
( 2.401  1.401  0.501 )
( 2.401  1.501  0.501 )
( 2.401  1.601  0.501 )
( 2.401  1.701  0.501 )
( 2.401  1.801  0.501 )
( 2.401  1.901  0.501 )
( 2.401  2.001  0.501 )
( 2.401  2.101  0.501 )
( 2.401  2.201  0.501 )
( 2.401  2.301  0.501 )
( 2.401  2.401  0.501 )
( 2.401  2.501  0.501 )
( 2.401  2.601  0.501 )
( 2.401  2.701  0.501 )
( 2.401  2.801  0.501 )
( 2.401  2.901  0.501 )
( 2.401  2.999  0.501 )
( 2.501  1.101  0.501 )
( 2.501  1.201  0.501 )
( 2.501  1.301  0.501 )
( 2.501  1.401  0.501 )
( 2.501  1.501  0.501 )
( 2.501  1.601  0.501 )
( 2.501  1.701  0.501 )
( 2.501  1.801  0.501 )
( 2.501  1.901  0.501 )
( 2.501  2.001  0.501 )
( 2.501  2.101  0.501 )
( 2.501  2.201  0.501 )
( 2.501  2.301  0.501 )
( 2.501  2.401  0.501 )
( 2.501  2.501  0.501 )
( 2.501  2.601  0.501 )
( 2.501  2.701  0.501 )
( 2.501  2.801  0.501 )
( 2.501  2.901  0.501 )
( 2.501  2.999  0.501 )
( 2.601  1.101  0.501 )
( 2.601  1.201  0.501 )
( 2.601  1.301  0.501 )
( 2.601  1.401  0.501 )
( 2.601  1.501  0.501 )
( 2.601  1.601  0.501 )
( 2.601  1.701  0.501 )
( 2.601  1.801  0.501 )
( 2.601  1.901  0.501 )
( 2.601  2.001  0.501 )
( 2.601  2.101  0.501 )
( 2.601  2.201  0.501 )
( 2.601  2.301  0.501 )
( 2.601  2.401  0.501 )
( 2.601  2.501  0.501 )
( 2.601  2.601  0.501 )
( 2.601  2.701  0.501 )
( 2.601  2.801  0.501 )
( 2.601  2.901  0.501 )
( 2.601  2.999  0.501 )
( 2.701  1.101  0.501 )
( 2.701  1.201  0.501 )
( 2.701  1.301  0.501 )
( 2.701  1.401  0.501 )
( 2.701  1.501  0.501 )
( 2.701  1.601  0.501 )
( 2.701  1.701  0.501 )
( 2.701  1.801  0.501 )
( 2.701  1.901  0.501 )
( 2.701  2.001  0.501 )
( 2.701  2.101  0.501 )
( 2.701  2.201  0.501 )
( 2.701  2.301  0.501 )
( 2.701  2.401  0.501 )
( 2.701  2.501  0.501 )
( 2.701  2.601  0.501 )
( 2.701  2.701  0.501 )
( 2.701  2.801  0.501 )
( 2.701  2.901  0.501 )
( 2.701  2.999  0.501 )
( 2.801  1.101  0.501 )
( 2.801  1.201  0.501 )
( 2.801  1.301  0.501 )
( 2.801  1.401  0.501 )
( 2.801  1.501  0.501 )
( 2.801  1.601  0.501 )
( 2.801  1.701  0.501 )
( 2.801  1.801  0.501 )
( 2.801  1.901  0.501 )
( 2.801  2.001  0.501 )
( 2.801  2.101  0.501 )
( 2.801  2.201  0.501 )
( 2.801  2.301  0.501 )
( 2.801  2.401  0.501 )
( 2.801  2.501  0.501 )
( 2.801  2.601  0.501 )
( 2.801  2.701  0.501 )
( 2.801  2.801  0.501 )
( 2.801  2.901  0.501 )
( 2.801  2.999  0.501 )
( 2.901  1.101  0.501 )
( 2.901  1.201  0.501 )
( 2.901  1.301  0.501 )
( 2.901  1.401  0.501 )
( 2.901  1.501  0.501 )
( 2.901  1.601  0.501 )
( 2.901  1.701  0.501 )
( 2.901  1.801  0.501 )
( 2.901  1.901  0.501 )
( 2.901  2.001  0.501 )
( 2.901  2.101  0.501 )
( 2.901  2.201  0.501 )
( 2.901  2.301  0.501 )
( 2.901  2.401  0.501 )
( 2.901  2.501  0.501 )
( 2.901  2.601  0.501 )
( 2.901  2.701  0.501 )
( 2.901  2.801  0.501 )
( 2.901  2.901  0.501 )
( 2.901  2.999  0.501 )
( 3.001  1.101  0.501 )
( 3.001  1.201  0.501 )
( 3.001  1.301  0.501 )
( 3.001  1.401  0.501 )
( 3.001  1.501  0.501 )
( 3.001  1.601  0.501 )
( 3.001  1.701  0.501 )
( 3.001  1.801  0.501 )
( 3.001  1.901  0.501 )
( 3.001  2.001  0.501 )
( 3.001  2.101  0.501 )
( 3.001  2.201  0.501 )
( 3.001  2.301  0.501 )
( 3.001  2.401  0.501 )
( 3.001  2.501  0.501 )
( 3.001  2.601  0.501 )
( 3.001  2.701  0.501 )
( 3.001  2.801  0.501 )
( 3.001  2.901  0.501 )
( 3.001  2.999  0.501 )
( 3.101  1.101  0.501 )
( 3.101  1.201  0.501 )
( 3.101  1.301  0.501 )
( 3.101  1.401  0.501 )
( 3.101  1.501  0.501 )
( 3.101  1.601  0.501 )
( 3.101  1.701  0.501 )
( 3.101  1.801  0.501 )
( 3.101  1.901  0.501 )
( 3.101  2.001  0.501 )
( 3.101  2.101  0.501 )
( 3.101  2.201  0.501 )
( 3.101  2.301  0.501 )
( 3.101  2.401  0.501 )
( 3.101  2.501  0.501 )
( 3.101  2.601  0.501 )
( 3.101  2.701  0.501 )
( 3.101  2.801  0.501 )
( 3.101  2.901  0.501 )
( 3.101  2.999  0.501 )
( 3.201  1.101  0.501 )
( 3.201  1.201  0.501 )
( 3.201  1.301  0.501 )
( 3.201  1.401  0.501 )
( 3.201  1.501  0.501 )
( 3.201  1.601  0.501 )
( 3.201  1.701  0.501 )
( 3.201  1.801  0.501 )
( 3.201  1.901  0.501 )
( 3.201  2.001  0.501 )
( 3.201  2.101  0.501 )
( 3.201  2.201  0.501 )
( 3.201  2.301  0.501 )
( 3.201  2.401  0.501 )
( 3.201  2.501  0.501 )
( 3.201  2.601  0.501 )
( 3.201  2.701  0.501 )
( 3.201  2.801  0.501 )
( 3.201  2.901  0.501 )
( 3.201  2.999  0.501 )
( 3.301  1.101  0.501 )
( 3.301  1.201  0.501 )
( 3.301  1.301  0.501 )
( 3.301  1.401  0.501 )
( 3.301  1.501  0.501 )
( 3.301  1.601  0.501 )
( 3.301  1.701  0.501 )
( 3.301  1.801  0.501 )
( 3.301  1.901  0.501 )
( 3.301  2.001  0.501 )
( 3.301  2.101  0.501 )
( 3.301  2.201  0.501 )
( 3.301  2.301  0.501 )
( 3.301  2.401  0.501 )
( 3.301  2.501  0.501 )
( 3.301  2.601  0.501 )
( 3.301  2.701  0.501 )
( 3.301  2.801  0.501 )
( 3.301  2.901  0.501 )
( 3.301  2.999  0.501 )
( 3.401  1.101  0.501 )
( 3.401  1.201  0.501 )
( 3.401  1.301  0.501 )
( 3.401  1.401  0.501 )
( 3.401  1.501  0.501 )
( 3.401  1.601  0.501 )
( 3.401  1.701  0.501 )
( 3.401  1.801  0.501 )
( 3.401  1.901  0.501 )
( 3.401  2.001  0.501 )
( 3.401  2.101  0.501 )
( 3.401  2.201  0.501 )
( 3.401  2.301  0.501 )
( 3.401  2.401  0.501 )
( 3.401  2.501  0.501 )
( 3.401  2.601  0.501 )
( 3.401  2.701  0.501 )
( 3.401  2.801  0.501 )
( 3.401  2.901  0.501 )
( 3.401  2.999  0.501 )
( 3.501  1.101  0.501 )
( 3.501  1.201  0.501 )
( 3.501  1.301  0.501 )
( 3.501  1.401  0.501 )
( 3.501  1.501  0.501 )
( 3.501  1.601  0.501 )
( 3.501  1.701  0.501 )
( 3.501  1.801  0.501 )
( 3.501  1.901  0.501 )
( 3.501  2.001  0.501 )
( 3.501  2.101  0.501 )
( 3.501  2.201  0.501 )
( 3.501  2.301  0.501 )
( 3.501  2.401  0.501 )
( 3.501  2.501  0.501 )
( 3.501  2.601  0.501 )
( 3.501  2.701  0.501 )
( 3.501  2.801  0.501 )
( 3.501  2.901  0.501 )
( 3.501  2.999  0.501 )
( 3.601  1.101  0.501 )
( 3.601  1.201  0.501 )
( 3.601  1.301  0.501 )
( 3.601  1.401  0.501 )
( 3.601  1.501  0.501 )
( 3.601  1.601  0.501 )
( 3.601  1.701  0.501 )
( 3.601  1.801  0.501 )
( 3.601  1.901  0.501 )
( 3.601  2.001  0.501 )
( 3.601  2.101  0.501 )
( 3.601  2.201  0.501 )
( 3.601  2.301  0.501 )
( 3.601  2.401  0.501 )
( 3.601  2.501  0.501 )
( 3.601  2.601  0.501 )
( 3.601  2.701  0.501 )
( 3.601  2.801  0.501 )
( 3.601  2.901  0.501 )
( 3.601  2.999  0.501 )
( 3.701  1.101  0.501 )
( 3.701  1.201  0.501 )
( 3.701  1.301  0.501 )
( 3.701  1.401  0.501 )
( 3.701  1.501  0.501 )
( 3.701  1.601  0.501 )
( 3.701  1.701  0.501 )
( 3.701  1.801  0.501 )
( 3.701  1.901  0.501 )
( 3.701  2.001  0.501 )
( 3.701  2.101  0.501 )
( 3.701  2.201  0.501 )
( 3.701  2.301  0.501 )
( 3.701  2.401  0.501 )
( 3.701  2.501  0.501 )
( 3.701  2.601  0.501 )
( 3.701  2.701  0.501 )
( 3.701  2.801  0.501 )
( 3.701  2.901  0.501 )
( 3.701  2.999  0.501 )
( 3.801  1.101  0.501 )
( 3.801  1.201  0.501 )
( 3.801  1.301  0.501 )
( 3.801  1.401  0.501 )
( 3.801  1.501  0.501 )
( 3.801  1.601  0.501 )
( 3.801  1.701  0.501 )
( 3.801  1.801  0.501 )
( 3.801  1.901  0.501 )
( 3.801  2.001  0.501 )
( 3.801  2.101  0.501 )
( 3.801  2.201  0.501 )
( 3.801  2.301  0.501 )
( 3.801  2.401  0.501 )
( 3.801  2.501  0.501 )
( 3.801  2.601  0.501 )
( 3.801  2.701  0.501 )
( 3.801  2.801  0.501 )
( 3.801  2.901  0.501 )
( 3.801  2.999  0.501 )
( 3.901  1.101  0.501 )
( 3.901  1.201  0.501 )
( 3.901  1.301  0.501 )
( 3.901  1.401  0.501 )
( 3.901  1.501  0.501 )
( 3.901  1.601  0.501 )
( 3.901  1.701  0.501 )
( 3.901  1.801  0.501 )
( 3.901  1.901  0.501 )
( 3.901  2.001  0.501 )
( 3.901  2.101  0.501 )
( 3.901  2.201  0.501 )
( 3.901  2.301  0.501 )
( 3.901  2.401  0.501 )
( 3.901  2.501  0.501 )
( 3.901  2.601  0.501 )
( 3.901  2.701  0.501 )
( 3.901  2.801  0.501 )
( 3.901  2.901  0.501 )
( 3.901  2.999  0.501 )
( 4.001  1.101  0.501 )
( 4.001  1.201  0.501 )
( 4.001  1.301  0.501 )
( 4.001  1.401  0.501 )
( 4.001  1.501  0.501 )
( 4.001  1.601  0.501 )
( 4.001  1.701  0.501 )
( 4.001  1.801  0.501 )
( 4.001  1.901  0.501 )
( 4.001  2.001  0.501 )
( 4.001  2.101  0.501 )
( 4.001  2.201  0.501 )
( 4.001  2.301  0.501 )
( 4.001  2.401  0.501 )
( 4.001  2.501  0.501 )
( 4.001  2.601  0.501 )
( 4.001  2.701  0.501 )
( 4.001  2.801  0.501 )
( 4.001  2.901  0.501 )
( 4.001  2.999  0.501 )
( 4.101  1.101  0.501 )
( 4.101  1.201  0.501 )
( 4.101  1.301  0.501 )
( 4.101  1.401  0.501 )
( 4.101  1.501  0.501 )
( 4.101  1.601  0.501 )
( 4.101  1.701  0.501 )
( 4.101  1.801  0.501 )
( 4.101  1.901  0.501 )
( 4.101  2.001  0.501 )
( 4.101  2.101  0.501 )
( 4.101  2.201  0.501 )
( 4.101  2.301  0.501 )
( 4.101  2.401  0.501 )
( 4.101  2.501  0.501 )
( 4.101  2.601  0.501 )
( 4.101  2.701  0.501 )
( 4.101  2.801  0.501 )
( 4.101  2.901  0.501 )
( 4.101  2.999  0.501 )
( 4.201  1.101  0.501 )
( 4.201  1.201  0.501 )
( 4.201  1.301  0.501 )
( 4.201  1.401  0.501 )
( 4.201  1.501  0.501 )
( 4.201  1.601  0.501 )
( 4.201  1.701  0.501 )
( 4.201  1.801  0.501 )
( 4.201  1.901  0.501 )
( 4.201  2.001  0.501 )
( 4.201  2.101  0.501 )
( 4.201  2.201  0.501 )
( 4.201  2.301  0.501 )
( 4.201  2.401  0.501 )
( 4.201  2.501  0.501 )
( 4.201  2.601  0.501 )
( 4.201  2.701  0.501 )
( 4.201  2.801  0.501 )
( 4.201  2.901  0.501 )
( 4.201  2.999  0.501 )
( 4.301  1.101  0.501 )
( 4.301  1.201  0.501 )
( 4.301  1.301  0.501 )
( 4.301  1.401  0.501 )
( 4.301  1.501  0.501 )
( 4.301  1.601  0.501 )
( 4.301  1.701  0.501 )
( 4.301  1.801  0.501 )
( 4.301  1.901  0.501 )
( 4.301  2.001  0.501 )
( 4.301  2.101  0.501 )
( 4.301  2.201  0.501 )
( 4.301  2.301  0.501 )
( 4.301  2.401  0.501 )
( 4.301  2.501  0.501 )
( 4.301  2.601  0.501 )
( 4.301  2.701  0.501 )
( 4.301  2.801  0.501 )
( 4.301  2.901  0.501 )
( 4.301  2.999  0.501 )
( 4.401  1.101  0.501 )
( 4.401  1.201  0.501 )
( 4.401  1.301  0.501 )
( 4.401  1.401  0.501 )
( 4.401  1.501  0.501 )
( 4.401  1.601  0.501 )
( 4.401  1.701  0.501 )
( 4.401  1.801  0.501 )
( 4.401  1.901  0.501 )
( 4.401  2.001  0.501 )
( 4.401  2.101  0.501 )
( 4.401  2.201  0.501 )
( 4.401  2.301  0.501 )
( 4.401  2.401  0.501 )
( 4.401  2.501  0.501 )
( 4.401  2.601  0.501 )
( 4.401  2.701  0.501 )
( 4.401  2.801  0.501 )
( 4.401  2.901  0.501 )
( 4.401  2.999  0.501 )
( 4.501  1.101  0.501 )
( 4.501  1.201  0.501 )
( 4.501  1.301  0.501 )
( 4.501  1.401  0.501 )
( 4.501  1.501  0.501 )
( 4.501  1.601  0.501 )
( 4.501  1.701  0.501 )
( 4.501  1.801  0.501 )
( 4.501  1.901  0.501 )
( 4.501  2.001  0.501 )
( 4.501  2.101  0.501 )
( 4.501  2.201  0.501 )
( 4.501  2.301  0.501 )
( 4.501  2.401  0.501 )
( 4.501  2.501  0.501 )
( 4.501  2.601  0.501 )
( 4.501  2.701  0.501 )
( 4.501  2.801  0.501 )
( 4.501  2.901  0.501 )
( 4.501  2.999  0.501 )
( 4.601  1.101  0.501 )
( 4.601  1.201  0.501 )
( 4.601  1.301  0.501 )
( 4.601  1.401  0.501 )
( 4.601  1.501  0.501 )
( 4.601  1.601  0.501 )
( 4.601  1.701  0.501 )
( 4.601  1.801  0.501 )
( 4.601  1.901  0.501 )
( 4.601  2.001  0.501 )
( 4.601  2.101  0.501 )
( 4.601  2.201  0.501 )
( 4.601  2.301  0.501 )
( 4.601  2.401  0.501 )
( 4.601  2.501  0.501 )
( 4.601  2.601  0.501 )
( 4.601  2.701  0.501 )
( 4.601  2.801  0.501 )
( 4.601  2.901  0.501 )
( 4.601  2.999  0.501 )
( 4.701  1.101  0.501 )
( 4.701  1.201  0.501 )
( 4.701  1.301  0.501 )
( 4.701  1.401  0.501 )
( 4.701  1.501  0.501 )
( 4.701  1.601  0.501 )
( 4.701  1.701  0.501 )
( 4.701  1.801  0.501 )
( 4.701  1.901  0.501 )
( 4.701  2.001  0.501 )
( 4.701  2.101  0.501 )
( 4.701  2.201  0.501 )
( 4.701  2.301  0.501 )
( 4.701  2.401  0.501 )
( 4.701  2.501  0.501 )
( 4.701  2.601  0.501 )
( 4.701  2.701  0.501 )
( 4.701  2.801  0.501 )
( 4.701  2.901  0.501 )
( 4.701  2.999  0.501 )
( 4.801  1.101  0.501 )
( 4.801  1.201  0.501 )
( 4.801  1.301  0.501 )
( 4.801  1.401  0.501 )
( 4.801  1.501  0.501 )
( 4.801  1.601  0.501 )
( 4.801  1.701  0.501 )
( 4.801  1.801  0.501 )
( 4.801  1.901  0.501 )
( 4.801  2.001  0.501 )
( 4.801  2.101  0.501 )
( 4.801  2.201  0.501 )
( 4.801  2.301  0.501 )
( 4.801  2.401  0.501 )
( 4.801  2.501  0.501 )
( 4.801  2.601  0.501 )
( 4.801  2.701  0.501 )
( 4.801  2.801  0.501 )
( 4.801  2.901  0.501 )
( 4.801  2.999  0.501 )
( 4.901  1.101  0.501 )
( 4.901  1.201  0.501 )
( 4.901  1.301  0.501 )
( 4.901  1.401  0.501 )
( 4.901  1.501  0.501 )
( 4.901  1.601  0.501 )
( 4.901  1.701  0.501 )
( 4.901  1.801  0.501 )
( 4.901  1.901  0.501 )
( 4.901  2.001  0.501 )
( 4.901  2.101  0.501 )
( 4.901  2.201  0.501 )
( 4.901  2.301  0.501 )
( 4.901  2.401  0.501 )
( 4.901  2.501  0.501 )
( 4.901  2.601  0.501 )
( 4.901  2.701  0.501 )
( 4.901  2.801  0.501 )
( 4.901  2.901  0.501 )
( 4.901  2.999  0.501 )
( 5.001  1.101  0.501 )
( 5.001  1.201  0.501 )
( 5.001  1.301  0.501 )
( 5.001  1.401  0.501 )
( 5.001  1.501  0.501 )
( 5.001  1.601  0.501 )
( 5.001  1.701  0.501 )
( 5.001  1.801  0.501 )
( 5.001  1.901  0.501 )
( 5.001  2.001  0.501 )
( 5.001  2.101  0.501 )
( 5.001  2.201  0.501 )
( 5.001  2.301  0.501 )
( 5.001  2.401  0.501 )
( 5.001  2.501  0.501 )
( 5.001  2.601  0.501 )
( 5.001  2.701  0.501 )
( 5.001  2.801  0.501 )
( 5.001  2.901  0.501 )
( 5.001  2.999  0.501 )
( 5.101  1.101  0.501 )
( 5.101  1.201  0.501 )
( 5.101  1.301  0.501 )
( 5.101  1.401  0.501 )
( 5.101  1.501  0.501 )
( 5.101  1.601  0.501 )
( 5.101  1.701  0.501 )
( 5.101  1.801  0.501 )
( 5.101  1.901  0.501 )
( 5.101  2.001  0.501 )
( 5.101  2.101  0.501 )
( 5.101  2.201  0.501 )
( 5.101  2.301  0.501 )
( 5.101  2.401  0.501 )
( 5.101  2.501  0.501 )
( 5.101  2.601  0.501 )
( 5.101  2.701  0.501 )
( 5.101  2.801  0.501 )
( 5.101  2.901  0.501 )
( 5.101  2.999  0.501 )
( 5.201  1.101  0.501 )
( 5.201  1.201  0.501 )
( 5.201  1.301  0.501 )
( 5.201  1.401  0.501 )
( 5.201  1.501  0.501 )
( 5.201  1.601  0.501 )
( 5.201  1.701  0.501 )
( 5.201  1.801  0.501 )
( 5.201  1.901  0.501 )
( 5.201  2.001  0.501 )
( 5.201  2.101  0.501 )
( 5.201  2.201  0.501 )
( 5.201  2.301  0.501 )
( 5.201  2.401  0.501 )
( 5.201  2.501  0.501 )
( 5.201  2.601  0.501 )
( 5.201  2.701  0.501 )
( 5.201  2.801  0.501 )
( 5.201  2.901  0.501 )
( 5.201  2.999  0.501 )
( 5.301  1.101  0.501 )
( 5.301  1.201  0.501 )
( 5.301  1.301  0.501 )
( 5.301  1.401  0.501 )
( 5.301  1.501  0.501 )
( 5.301  1.601  0.501 )
( 5.301  1.701  0.501 )
( 5.301  1.801  0.501 )
( 5.301  1.901  0.501 )
( 5.301  2.001  0.501 )
( 5.301  2.101  0.501 )
( 5.301  2.201  0.501 )
( 5.301  2.301  0.501 )
( 5.301  2.401  0.501 )
( 5.301  2.501  0.501 )
( 5.301  2.601  0.501 )
( 5.301  2.701  0.501 )
( 5.301  2.801  0.501 )
( 5.301  2.901  0.501 )
( 5.301  2.999  0.501 )
( 5.401  1.101  0.501 )
( 5.401  1.201  0.501 )
( 5.401  1.301  0.501 )
( 5.401  1.401  0.501 )
( 5.401  1.501  0.501 )
( 5.401  1.601  0.501 )
( 5.401  1.701  0.501 )
( 5.401  1.801  0.501 )
( 5.401  1.901  0.501 )
( 5.401  2.001  0.501 )
( 5.401  2.101  0.501 )
( 5.401  2.201  0.501 )
( 5.401  2.301  0.501 )
( 5.401  2.401  0.501 )
( 5.401  2.501  0.501 )
( 5.401  2.601  0.501 )
( 5.401  2.701  0.501 )
( 5.401  2.801  0.501 )
( 5.401  2.901  0.501 )
( 5.401  2.999  0.501 )
( 5.501  1.101  0.501 )
( 5.501  1.201  0.501 )
( 5.501  1.301  0.501 )
( 5.501  1.401  0.501 )
( 5.501  1.501  0.501 )
( 5.501  1.601  0.501 )
( 5.501  1.701  0.501 )
( 5.501  1.801  0.501 )
( 5.501  1.901  0.501 )
( 5.501  2.001  0.501 )
( 5.501  2.101  0.501 )
( 5.501  2.201  0.501 )
( 5.501  2.301  0.501 )
( 5.501  2.401  0.501 )
( 5.501  2.501  0.501 )
( 5.501  2.601  0.501 )
( 5.501  2.701  0.501 )
( 5.501  2.801  0.501 )
( 5.501  2.901  0.501 )
( 5.501  2.999  0.501 )
( 5.601  1.101  0.501 )
( 5.601  1.201  0.501 )
( 5.601  1.301  0.501 )
( 5.601  1.401  0.501 )
( 5.601  1.501  0.501 )
( 5.601  1.601  0.501 )
( 5.601  1.701  0.501 )
( 5.601  1.801  0.501 )
( 5.601  1.901  0.501 )
( 5.601  2.001  0.501 )
( 5.601  2.101  0.501 )
( 5.601  2.201  0.501 )
( 5.601  2.301  0.501 )
( 5.601  2.401  0.501 )
( 5.601  2.501  0.501 )
( 5.601  2.601  0.501 )
( 5.601  2.701  0.501 )
( 5.601  2.801  0.501 )
( 5.601  2.901  0.501 )
( 5.601  2.999  0.501 )
( 5.701  1.101  0.501 )
( 5.701  1.201  0.501 )
( 5.701  1.301  0.501 )
( 5.701  1.401  0.501 )
( 5.701  1.501  0.501 )
( 5.701  1.601  0.501 )
( 5.701  1.701  0.501 )
( 5.701  1.801  0.501 )
( 5.701  1.901  0.501 )
( 5.701  2.001  0.501 )
( 5.701  2.101  0.501 )
( 5.701  2.201  0.501 )
( 5.701  2.301  0.501 )
( 5.701  2.401  0.501 )
( 5.701  2.501  0.501 )
( 5.701  2.601  0.501 )
( 5.701  2.701  0.501 )
( 5.701  2.801  0.501 )
( 5.701  2.901  0.501 )
( 5.701  2.999  0.501 )
( 5.801  1.101  0.501 )
( 5.801  1.201  0.501 )
( 5.801  1.301  0.501 )
( 5.801  1.401  0.501 )
( 5.801  1.501  0.501 )
( 5.801  1.601  0.501 )
( 5.801  1.701  0.501 )
( 5.801  1.801  0.501 )
( 5.801  1.901  0.501 )
( 5.801  2.001  0.501 )
( 5.801  2.101  0.501 )
( 5.801  2.201  0.501 )
( 5.801  2.301  0.501 )
( 5.801  2.401  0.501 )
( 5.801  2.501  0.501 )
( 5.801  2.601  0.501 )
( 5.801  2.701  0.501 )
( 5.801  2.801  0.501 )
( 5.801  2.901  0.501 )
( 5.801  2.999  0.501 )
( 5.901  1.101  0.501 )
( 5.901  1.201  0.501 )
( 5.901  1.301  0.501 )
( 5.901  1.401  0.501 )
( 5.901  1.501  0.501 )
( 5.901  1.601  0.501 )
( 5.901  1.701  0.501 )
( 5.901  1.801  0.501 )
( 5.901  1.901  0.501 )
( 5.901  2.001  0.501 )
( 5.901  2.101  0.501 )
( 5.901  2.201  0.501 )
( 5.901  2.301  0.501 )
( 5.901  2.401  0.501 )
( 5.901  2.501  0.501 )
( 5.901  2.601  0.501 )
( 5.901  2.701  0.501 )
( 5.901  2.801  0.501 )
( 5.901  2.901  0.501 )
( 5.901  2.999  0.501 )
( 6.001  1.101  0.501 )
( 6.001  1.201  0.501 )
( 6.001  1.301  0.501 )
( 6.001  1.401  0.501 )
( 6.001  1.501  0.501 )
( 6.001  1.601  0.501 )
( 6.001  1.701  0.501 )
( 6.001  1.801  0.501 )
( 6.001  1.901  0.501 )
( 6.001  2.001  0.501 )
( 6.001  2.101  0.501 )
( 6.001  2.201  0.501 )
( 6.001  2.301  0.501 )
( 6.001  2.401  0.501 )
( 6.001  2.501  0.501 )
( 6.001  2.601  0.501 )
( 6.001  2.701  0.501 )
( 6.001  2.801  0.501 )
( 6.001  2.901  0.501 )
( 6.001  2.999  0.501 )
( 6.101  -0.999  0.501 )
( 6.101  -0.899  0.501 )
( 6.101  -0.799  0.501 )
( 6.101  -0.699  0.501 )
( 6.101  -0.599  0.501 )
( 6.101  -0.499  0.501 )
( 6.101  -0.399  0.501 )
( 6.101  -0.299  0.501 )
( 6.101  -0.199  0.501 )
( 6.101  -0.099  0.501 )
( 6.101  0.001  0.501 )
( 6.101  0.101  0.501 )
( 6.101  0.201  0.501 )
( 6.101  0.301  0.501 )
( 6.101  0.401  0.501 )
( 6.101  0.501  0.501 )
( 6.101  0.601  0.501 )
( 6.101  0.701  0.501 )
( 6.101  0.801  0.501 )
( 6.101  0.901  0.501 )
( 6.101  1.001  0.501 )
( 6.101  1.101  0.501 )
( 6.101  1.201  0.501 )
( 6.101  1.301  0.501 )
( 6.101  1.401  0.501 )
( 6.101  1.501  0.501 )
( 6.101  1.601  0.501 )
( 6.101  1.701  0.501 )
( 6.101  1.801  0.501 )
( 6.101  1.901  0.501 )
( 6.101  2.001  0.501 )
( 6.101  2.101  0.501 )
( 6.101  2.201  0.501 )
( 6.101  2.301  0.501 )
( 6.101  2.401  0.501 )
( 6.101  2.501  0.501 )
( 6.101  2.601  0.501 )
( 6.101  2.701  0.501 )
( 6.101  2.801  0.501 )
( 6.101  2.901  0.501 )
( 6.101  2.999  0.501 )
( 6.201  -0.999  0.501 )
( 6.201  -0.899  0.501 )
( 6.201  -0.799  0.501 )
( 6.201  -0.699  0.501 )
( 6.201  -0.599  0.501 )
( 6.201  -0.499  0.501 )
( 6.201  -0.399  0.501 )
( 6.201  -0.299  0.501 )
( 6.201  -0.199  0.501 )
( 6.201  -0.099  0.501 )
( 6.201  0.001  0.501 )
( 6.201  0.101  0.501 )
( 6.201  0.201  0.501 )
( 6.201  0.301  0.501 )
( 6.201  0.401  0.501 )
( 6.201  0.501  0.501 )
( 6.201  0.601  0.501 )
( 6.201  0.701  0.501 )
( 6.201  0.801  0.501 )
( 6.201  0.901  0.501 )
( 6.201  1.001  0.501 )
( 6.201  1.101  0.501 )
( 6.201  1.201  0.501 )
( 6.201  1.301  0.501 )
( 6.201  1.401  0.501 )
( 6.201  1.501  0.501 )
( 6.201  1.601  0.501 )
( 6.201  1.701  0.501 )
( 6.201  1.801  0.501 )
( 6.201  1.901  0.501 )
( 6.201  2.001  0.501 )
( 6.201  2.101  0.501 )
( 6.201  2.201  0.501 )
( 6.201  2.301  0.501 )
( 6.201  2.401  0.501 )
( 6.201  2.501  0.501 )
( 6.201  2.601  0.501 )
( 6.201  2.701  0.501 )
( 6.201  2.801  0.501 )
( 6.201  2.901  0.501 )
( 6.201  2.999  0.501 )
( 6.301  -0.999  0.501 )
( 6.301  -0.899  0.501 )
( 6.301  -0.799  0.501 )
( 6.301  -0.699  0.501 )
( 6.301  -0.599  0.501 )
( 6.301  -0.499  0.501 )
( 6.301  -0.399  0.501 )
( 6.301  -0.299  0.501 )
( 6.301  -0.199  0.501 )
( 6.301  -0.099  0.501 )
( 6.301  0.001  0.501 )
( 6.301  0.101  0.501 )
( 6.301  0.201  0.501 )
( 6.301  0.301  0.501 )
( 6.301  0.401  0.501 )
( 6.301  0.501  0.501 )
( 6.301  0.601  0.501 )
( 6.301  0.701  0.501 )
( 6.301  0.801  0.501 )
( 6.301  0.901  0.501 )
( 6.301  1.001  0.501 )
( 6.301  1.101  0.501 )
( 6.301  1.201  0.501 )
( 6.301  1.301  0.501 )
( 6.301  1.401  0.501 )
( 6.301  1.501  0.501 )
( 6.301  1.601  0.501 )
( 6.301  1.701  0.501 )
( 6.301  1.801  0.501 )
( 6.301  1.901  0.501 )
( 6.301  2.001  0.501 )
( 6.301  2.101  0.501 )
( 6.301  2.201  0.501 )
( 6.301  2.301  0.501 )
( 6.301  2.401  0.501 )
( 6.301  2.501  0.501 )
( 6.301  2.601  0.501 )
( 6.301  2.701  0.501 )
( 6.301  2.801  0.501 )
( 6.301  2.901  0.501 )
( 6.301  2.999  0.501 )
( 6.401  -0.999  0.501 )
( 6.401  -0.899  0.501 )
( 6.401  -0.799  0.501 )
( 6.401  -0.699  0.501 )
( 6.401  -0.599  0.501 )
( 6.401  -0.499  0.501 )
( 6.401  -0.399  0.501 )
( 6.401  -0.299  0.501 )
( 6.401  -0.199  0.501 )
( 6.401  -0.099  0.501 )
( 6.401  0.001  0.501 )
( 6.401  0.101  0.501 )
( 6.401  0.201  0.501 )
( 6.401  0.301  0.501 )
( 6.401  0.401  0.501 )
( 6.401  0.501  0.501 )
( 6.401  0.601  0.501 )
( 6.401  0.701  0.501 )
( 6.401  0.801  0.501 )
( 6.401  0.901  0.501 )
( 6.401  1.001  0.501 )
( 6.401  1.101  0.501 )
( 6.401  1.201  0.501 )
( 6.401  1.301  0.501 )
( 6.401  1.401  0.501 )
( 6.401  1.501  0.501 )
( 6.401  1.601  0.501 )
( 6.401  1.701  0.501 )
( 6.401  1.801  0.501 )
( 6.401  1.901  0.501 )
( 6.401  2.001  0.501 )
( 6.401  2.101  0.501 )
( 6.401  2.201  0.501 )
( 6.401  2.301  0.501 )
( 6.401  2.401  0.501 )
( 6.401  2.501  0.501 )
( 6.401  2.601  0.501 )
( 6.401  2.701  0.501 )
( 6.401  2.801  0.501 )
( 6.401  2.901  0.501 )
( 6.401  2.999  0.501 )
( 6.501  -0.999  0.501 )
( 6.501  -0.899  0.501 )
( 6.501  -0.799  0.501 )
( 6.501  -0.699  0.501 )
( 6.501  -0.599  0.501 )
( 6.501  -0.499  0.501 )
( 6.501  -0.399  0.501 )
( 6.501  -0.299  0.501 )
( 6.501  -0.199  0.501 )
( 6.501  -0.099  0.501 )
( 6.501  0.001  0.501 )
( 6.501  0.101  0.501 )
( 6.501  0.201  0.501 )
( 6.501  0.301  0.501 )
( 6.501  0.401  0.501 )
( 6.501  0.501  0.501 )
( 6.501  0.601  0.501 )
( 6.501  0.701  0.501 )
( 6.501  0.801  0.501 )
( 6.501  0.901  0.501 )
( 6.501  1.001  0.501 )
( 6.501  1.101  0.501 )
( 6.501  1.201  0.501 )
( 6.501  1.301  0.501 )
( 6.501  1.401  0.501 )
( 6.501  1.501  0.501 )
( 6.501  1.601  0.501 )
( 6.501  1.701  0.501 )
( 6.501  1.801  0.501 )
( 6.501  1.901  0.501 )
( 6.501  2.001  0.501 )
( 6.501  2.101  0.501 )
( 6.501  2.201  0.501 )
( 6.501  2.301  0.501 )
( 6.501  2.401  0.501 )
( 6.501  2.501  0.501 )
( 6.501  2.601  0.501 )
( 6.501  2.701  0.501 )
( 6.501  2.801  0.501 )
( 6.501  2.901  0.501 )
( 6.501  2.999  0.501 )
( 6.601  -0.999  0.501 )
( 6.601  -0.899  0.501 )
( 6.601  -0.799  0.501 )
( 6.601  -0.699  0.501 )
( 6.601  -0.599  0.501 )
( 6.601  -0.499  0.501 )
( 6.601  -0.399  0.501 )
( 6.601  -0.299  0.501 )
( 6.601  -0.199  0.501 )
( 6.601  -0.099  0.501 )
( 6.601  0.001  0.501 )
( 6.601  0.101  0.501 )
( 6.601  0.201  0.501 )
( 6.601  0.301  0.501 )
( 6.601  0.401  0.501 )
( 6.601  0.501  0.501 )
( 6.601  0.601  0.501 )
( 6.601  0.701  0.501 )
( 6.601  0.801  0.501 )
( 6.601  0.901  0.501 )
( 6.601  1.001  0.501 )
( 6.601  1.101  0.501 )
( 6.601  1.201  0.501 )
( 6.601  1.301  0.501 )
( 6.601  1.401  0.501 )
( 6.601  1.501  0.501 )
( 6.601  1.601  0.501 )
( 6.601  1.701  0.501 )
( 6.601  1.801  0.501 )
( 6.601  1.901  0.501 )
( 6.601  2.001  0.501 )
( 6.601  2.101  0.501 )
( 6.601  2.201  0.501 )
( 6.601  2.301  0.501 )
( 6.601  2.401  0.501 )
( 6.601  2.501  0.501 )
( 6.601  2.601  0.501 )
( 6.601  2.701  0.501 )
( 6.601  2.801  0.501 )
( 6.601  2.901  0.501 )
( 6.601  2.999  0.501 )
( 6.701  -0.999  0.501 )
( 6.701  -0.899  0.501 )
( 6.701  -0.799  0.501 )
( 6.701  -0.699  0.501 )
( 6.701  -0.599  0.501 )
( 6.701  -0.499  0.501 )
( 6.701  -0.399  0.501 )
( 6.701  -0.299  0.501 )
( 6.701  -0.199  0.501 )
( 6.701  -0.099  0.501 )
( 6.701  0.001  0.501 )
( 6.701  0.101  0.501 )
( 6.701  0.201  0.501 )
( 6.701  0.301  0.501 )
( 6.701  0.401  0.501 )
( 6.701  0.501  0.501 )
( 6.701  0.601  0.501 )
( 6.701  0.701  0.501 )
( 6.701  0.801  0.501 )
( 6.701  0.901  0.501 )
( 6.701  1.001  0.501 )
( 6.701  1.101  0.501 )
( 6.701  1.201  0.501 )
( 6.701  1.301  0.501 )
( 6.701  1.401  0.501 )
( 6.701  1.501  0.501 )
( 6.701  1.601  0.501 )
( 6.701  1.701  0.501 )
( 6.701  1.801  0.501 )
( 6.701  1.901  0.501 )
( 6.701  2.001  0.501 )
( 6.701  2.101  0.501 )
( 6.701  2.201  0.501 )
( 6.701  2.301  0.501 )
( 6.701  2.401  0.501 )
( 6.701  2.501  0.501 )
( 6.701  2.601  0.501 )
( 6.701  2.701  0.501 )
( 6.701  2.801  0.501 )
( 6.701  2.901  0.501 )
( 6.701  2.999  0.501 )
( 6.801  -0.999  0.501 )
( 6.801  -0.899  0.501 )
( 6.801  -0.799  0.501 )
( 6.801  -0.699  0.501 )
( 6.801  -0.599  0.501 )
( 6.801  -0.499  0.501 )
( 6.801  -0.399  0.501 )
( 6.801  -0.299  0.501 )
( 6.801  -0.199  0.501 )
( 6.801  -0.099  0.501 )
( 6.801  0.001  0.501 )
( 6.801  0.101  0.501 )
( 6.801  0.201  0.501 )
( 6.801  0.301  0.501 )
( 6.801  0.401  0.501 )
( 6.801  0.501  0.501 )
( 6.801  0.601  0.501 )
( 6.801  0.701  0.501 )
( 6.801  0.801  0.501 )
( 6.801  0.901  0.501 )
( 6.801  1.001  0.501 )
( 6.801  1.101  0.501 )
( 6.801  1.201  0.501 )
( 6.801  1.301  0.501 )
( 6.801  1.401  0.501 )
( 6.801  1.501  0.501 )
( 6.801  1.601  0.501 )
( 6.801  1.701  0.501 )
( 6.801  1.801  0.501 )
( 6.801  1.901  0.501 )
( 6.801  2.001  0.501 )
( 6.801  2.101  0.501 )
( 6.801  2.201  0.501 )
( 6.801  2.301  0.501 )
( 6.801  2.401  0.501 )
( 6.801  2.501  0.501 )
( 6.801  2.601  0.501 )
( 6.801  2.701  0.501 )
( 6.801  2.801  0.501 )
( 6.801  2.901  0.501 )
( 6.801  2.999  0.501 )
( 6.901  -0.999  0.501 )
( 6.901  -0.899  0.501 )
( 6.901  -0.799  0.501 )
( 6.901  -0.699  0.501 )
( 6.901  -0.599  0.501 )
( 6.901  -0.499  0.501 )
( 6.901  -0.399  0.501 )
( 6.901  -0.299  0.501 )
( 6.901  -0.199  0.501 )
( 6.901  -0.099  0.501 )
( 6.901  0.001  0.501 )
( 6.901  0.101  0.501 )
( 6.901  0.201  0.501 )
( 6.901  0.301  0.501 )
( 6.901  0.401  0.501 )
( 6.901  0.501  0.501 )
( 6.901  0.601  0.501 )
( 6.901  0.701  0.501 )
( 6.901  0.801  0.501 )
( 6.901  0.901  0.501 )
( 6.901  1.001  0.501 )
( 6.901  1.101  0.501 )
( 6.901  1.201  0.501 )
( 6.901  1.301  0.501 )
( 6.901  1.401  0.501 )
( 6.901  1.501  0.501 )
( 6.901  1.601  0.501 )
( 6.901  1.701  0.501 )
( 6.901  1.801  0.501 )
( 6.901  1.901  0.501 )
( 6.901  2.001  0.501 )
( 6.901  2.101  0.501 )
( 6.901  2.201  0.501 )
( 6.901  2.301  0.501 )
( 6.901  2.401  0.501 )
( 6.901  2.501  0.501 )
( 6.901  2.601  0.501 )
( 6.901  2.701  0.501 )
( 6.901  2.801  0.501 )
( 6.901  2.901  0.501 )
( 6.901  2.999  0.501 )
( 7.001  -0.999  0.501 )
( 7.001  -0.899  0.501 )
( 7.001  -0.799  0.501 )
( 7.001  -0.699  0.501 )
( 7.001  -0.599  0.501 )
( 7.001  -0.499  0.501 )
( 7.001  -0.399  0.501 )
( 7.001  -0.299  0.501 )
( 7.001  -0.199  0.501 )
( 7.001  -0.099  0.501 )
( 7.001  0.001  0.501 )
( 7.001  0.101  0.501 )
( 7.001  0.201  0.501 )
( 7.001  0.301  0.501 )
( 7.001  0.401  0.501 )
( 7.001  0.501  0.501 )
( 7.001  0.601  0.501 )
( 7.001  0.701  0.501 )
( 7.001  0.801  0.501 )
( 7.001  0.901  0.501 )
( 7.001  1.001  0.501 )
( 7.001  1.101  0.501 )
( 7.001  1.201  0.501 )
( 7.001  1.301  0.501 )
( 7.001  1.401  0.501 )
( 7.001  1.501  0.501 )
( 7.001  1.601  0.501 )
( 7.001  1.701  0.501 )
( 7.001  1.801  0.501 )
( 7.001  1.901  0.501 )
( 7.001  2.001  0.501 )
( 7.001  2.101  0.501 )
( 7.001  2.201  0.501 )
( 7.001  2.301  0.501 )
( 7.001  2.401  0.501 )
( 7.001  2.501  0.501 )
( 7.001  2.601  0.501 )
( 7.001  2.701  0.501 )
( 7.001  2.801  0.501 )
( 7.001  2.901  0.501 )
( 7.001  2.999  0.501 )
( 7.101  -0.999  0.501 )
( 7.101  -0.899  0.501 )
( 7.101  -0.799  0.501 )
( 7.101  -0.699  0.501 )
( 7.101  -0.599  0.501 )
( 7.101  -0.499  0.501 )
( 7.101  -0.399  0.501 )
( 7.101  -0.299  0.501 )
( 7.101  -0.199  0.501 )
( 7.101  -0.099  0.501 )
( 7.101  0.001  0.501 )
( 7.101  0.101  0.501 )
( 7.101  0.201  0.501 )
( 7.101  0.301  0.501 )
( 7.101  0.401  0.501 )
( 7.101  0.501  0.501 )
( 7.101  0.601  0.501 )
( 7.101  0.701  0.501 )
( 7.101  0.801  0.501 )
( 7.101  0.901  0.501 )
( 7.101  1.001  0.501 )
( 7.101  1.101  0.501 )
( 7.101  1.201  0.501 )
( 7.101  1.301  0.501 )
( 7.101  1.401  0.501 )
( 7.101  1.501  0.501 )
( 7.101  1.601  0.501 )
( 7.101  1.701  0.501 )
( 7.101  1.801  0.501 )
( 7.101  1.901  0.501 )
( 7.101  2.001  0.501 )
( 7.101  2.101  0.501 )
( 7.101  2.201  0.501 )
( 7.101  2.301  0.501 )
( 7.101  2.401  0.501 )
( 7.101  2.501  0.501 )
( 7.101  2.601  0.501 )
( 7.101  2.701  0.501 )
( 7.101  2.801  0.501 )
( 7.101  2.901  0.501 )
( 7.101  2.999  0.501 )
( 7.201  -0.999  0.501 )
( 7.201  -0.899  0.501 )
( 7.201  -0.799  0.501 )
( 7.201  -0.699  0.501 )
( 7.201  -0.599  0.501 )
( 7.201  -0.499  0.501 )
( 7.201  -0.399  0.501 )
( 7.201  -0.299  0.501 )
( 7.201  -0.199  0.501 )
( 7.201  -0.099  0.501 )
( 7.201  0.001  0.501 )
( 7.201  0.101  0.501 )
( 7.201  0.201  0.501 )
( 7.201  0.301  0.501 )
( 7.201  0.401  0.501 )
( 7.201  0.501  0.501 )
( 7.201  0.601  0.501 )
( 7.201  0.701  0.501 )
( 7.201  0.801  0.501 )
( 7.201  0.901  0.501 )
( 7.201  1.001  0.501 )
( 7.201  1.101  0.501 )
( 7.201  1.201  0.501 )
( 7.201  1.301  0.501 )
( 7.201  1.401  0.501 )
( 7.201  1.501  0.501 )
( 7.201  1.601  0.501 )
( 7.201  1.701  0.501 )
( 7.201  1.801  0.501 )
( 7.201  1.901  0.501 )
( 7.201  2.001  0.501 )
( 7.201  2.101  0.501 )
( 7.201  2.201  0.501 )
( 7.201  2.301  0.501 )
( 7.201  2.401  0.501 )
( 7.201  2.501  0.501 )
( 7.201  2.601  0.501 )
( 7.201  2.701  0.501 )
( 7.201  2.801  0.501 )
( 7.201  2.901  0.501 )
( 7.201  2.999  0.501 )
( 7.301  -0.999  0.501 )
( 7.301  -0.899  0.501 )
( 7.301  -0.799  0.501 )
( 7.301  -0.699  0.501 )
( 7.301  -0.599  0.501 )
( 7.301  -0.499  0.501 )
( 7.301  -0.399  0.501 )
( 7.301  -0.299  0.501 )
( 7.301  -0.199  0.501 )
( 7.301  -0.099  0.501 )
( 7.301  0.001  0.501 )
( 7.301  0.101  0.501 )
( 7.301  0.201  0.501 )
( 7.301  0.301  0.501 )
( 7.301  0.401  0.501 )
( 7.301  0.501  0.501 )
( 7.301  0.601  0.501 )
( 7.301  0.701  0.501 )
( 7.301  0.801  0.501 )
( 7.301  0.901  0.501 )
( 7.301  1.001  0.501 )
( 7.301  1.101  0.501 )
( 7.301  1.201  0.501 )
( 7.301  1.301  0.501 )
( 7.301  1.401  0.501 )
( 7.301  1.501  0.501 )
( 7.301  1.601  0.501 )
( 7.301  1.701  0.501 )
( 7.301  1.801  0.501 )
( 7.301  1.901  0.501 )
( 7.301  2.001  0.501 )
( 7.301  2.101  0.501 )
( 7.301  2.201  0.501 )
( 7.301  2.301  0.501 )
( 7.301  2.401  0.501 )
( 7.301  2.501  0.501 )
( 7.301  2.601  0.501 )
( 7.301  2.701  0.501 )
( 7.301  2.801  0.501 )
( 7.301  2.901  0.501 )
( 7.301  2.999  0.501 )
( 7.401  -0.999  0.501 )
( 7.401  -0.899  0.501 )
( 7.401  -0.799  0.501 )
( 7.401  -0.699  0.501 )
( 7.401  -0.599  0.501 )
( 7.401  -0.499  0.501 )
( 7.401  -0.399  0.501 )
( 7.401  -0.299  0.501 )
( 7.401  -0.199  0.501 )
( 7.401  -0.099  0.501 )
( 7.401  0.001  0.501 )
( 7.401  0.101  0.501 )
( 7.401  0.201  0.501 )
( 7.401  0.301  0.501 )
( 7.401  0.401  0.501 )
( 7.401  0.501  0.501 )
( 7.401  0.601  0.501 )
( 7.401  0.701  0.501 )
( 7.401  0.801  0.501 )
( 7.401  0.901  0.501 )
( 7.401  1.001  0.501 )
( 7.401  1.101  0.501 )
( 7.401  1.201  0.501 )
( 7.401  1.301  0.501 )
( 7.401  1.401  0.501 )
( 7.401  1.501  0.501 )
( 7.401  1.601  0.501 )
( 7.401  1.701  0.501 )
( 7.401  1.801  0.501 )
( 7.401  1.901  0.501 )
( 7.401  2.001  0.501 )
( 7.401  2.101  0.501 )
( 7.401  2.201  0.501 )
( 7.401  2.301  0.501 )
( 7.401  2.401  0.501 )
( 7.401  2.501  0.501 )
( 7.401  2.601  0.501 )
( 7.401  2.701  0.501 )
( 7.401  2.801  0.501 )
( 7.401  2.901  0.501 )
( 7.401  2.999  0.501 )
( 7.501  -0.999  0.501 )
( 7.501  -0.899  0.501 )
( 7.501  -0.799  0.501 )
( 7.501  -0.699  0.501 )
( 7.501  -0.599  0.501 )
( 7.501  -0.499  0.501 )
( 7.501  -0.399  0.501 )
( 7.501  -0.299  0.501 )
( 7.501  -0.199  0.501 )
( 7.501  -0.099  0.501 )
( 7.501  0.001  0.501 )
( 7.501  0.101  0.501 )
( 7.501  0.201  0.501 )
( 7.501  0.301  0.501 )
( 7.501  0.401  0.501 )
( 7.501  0.501  0.501 )
( 7.501  0.601  0.501 )
( 7.501  0.701  0.501 )
( 7.501  0.801  0.501 )
( 7.501  0.901  0.501 )
( 7.501  1.001  0.501 )
( 7.501  1.101  0.501 )
( 7.501  1.201  0.501 )
( 7.501  1.301  0.501 )
( 7.501  1.401  0.501 )
( 7.501  1.501  0.501 )
( 7.501  1.601  0.501 )
( 7.501  1.701  0.501 )
( 7.501  1.801  0.501 )
( 7.501  1.901  0.501 )
( 7.501  2.001  0.501 )
( 7.501  2.101  0.501 )
( 7.501  2.201  0.501 )
( 7.501  2.301  0.501 )
( 7.501  2.401  0.501 )
( 7.501  2.501  0.501 )
( 7.501  2.601  0.501 )
( 7.501  2.701  0.501 )
( 7.501  2.801  0.501 )
( 7.501  2.901  0.501 )
( 7.501  2.999  0.501 )
( 7.601  -0.999  0.501 )
( 7.601  -0.899  0.501 )
( 7.601  -0.799  0.501 )
( 7.601  -0.699  0.501 )
( 7.601  -0.599  0.501 )
( 7.601  -0.499  0.501 )
( 7.601  -0.399  0.501 )
( 7.601  -0.299  0.501 )
( 7.601  -0.199  0.501 )
( 7.601  -0.099  0.501 )
( 7.601  0.001  0.501 )
( 7.601  0.101  0.501 )
( 7.601  0.201  0.501 )
( 7.601  0.301  0.501 )
( 7.601  0.401  0.501 )
( 7.601  0.501  0.501 )
( 7.601  0.601  0.501 )
( 7.601  0.701  0.501 )
( 7.601  0.801  0.501 )
( 7.601  0.901  0.501 )
( 7.601  1.001  0.501 )
( 7.601  1.101  0.501 )
( 7.601  1.201  0.501 )
( 7.601  1.301  0.501 )
( 7.601  1.401  0.501 )
( 7.601  1.501  0.501 )
( 7.601  1.601  0.501 )
( 7.601  1.701  0.501 )
( 7.601  1.801  0.501 )
( 7.601  1.901  0.501 )
( 7.601  2.001  0.501 )
( 7.601  2.101  0.501 )
( 7.601  2.201  0.501 )
( 7.601  2.301  0.501 )
( 7.601  2.401  0.501 )
( 7.601  2.501  0.501 )
( 7.601  2.601  0.501 )
( 7.601  2.701  0.501 )
( 7.601  2.801  0.501 )
( 7.601  2.901  0.501 )
( 7.601  2.999  0.501 )
( 7.701  -0.999  0.501 )
( 7.701  -0.899  0.501 )
( 7.701  -0.799  0.501 )
( 7.701  -0.699  0.501 )
( 7.701  -0.599  0.501 )
( 7.701  -0.499  0.501 )
( 7.701  -0.399  0.501 )
( 7.701  -0.299  0.501 )
( 7.701  -0.199  0.501 )
( 7.701  -0.099  0.501 )
( 7.701  0.001  0.501 )
( 7.701  0.101  0.501 )
( 7.701  0.201  0.501 )
( 7.701  0.301  0.501 )
( 7.701  0.401  0.501 )
( 7.701  0.501  0.501 )
( 7.701  0.601  0.501 )
( 7.701  0.701  0.501 )
( 7.701  0.801  0.501 )
( 7.701  0.901  0.501 )
( 7.701  1.001  0.501 )
( 7.701  1.101  0.501 )
( 7.701  1.201  0.501 )
( 7.701  1.301  0.501 )
( 7.701  1.401  0.501 )
( 7.701  1.501  0.501 )
( 7.701  1.601  0.501 )
( 7.701  1.701  0.501 )
( 7.701  1.801  0.501 )
( 7.701  1.901  0.501 )
( 7.701  2.001  0.501 )
( 7.701  2.101  0.501 )
( 7.701  2.201  0.501 )
( 7.701  2.301  0.501 )
( 7.701  2.401  0.501 )
( 7.701  2.501  0.501 )
( 7.701  2.601  0.501 )
( 7.701  2.701  0.501 )
( 7.701  2.801  0.501 )
( 7.701  2.901  0.501 )
( 7.701  2.999  0.501 )
( 7.801  -0.999  0.501 )
( 7.801  -0.899  0.501 )
( 7.801  -0.799  0.501 )
( 7.801  -0.699  0.501 )
( 7.801  -0.599  0.501 )
( 7.801  -0.499  0.501 )
( 7.801  -0.399  0.501 )
( 7.801  -0.299  0.501 )
( 7.801  -0.199  0.501 )
( 7.801  -0.099  0.501 )
( 7.801  0.001  0.501 )
( 7.801  0.101  0.501 )
( 7.801  0.201  0.501 )
( 7.801  0.301  0.501 )
( 7.801  0.401  0.501 )
( 7.801  0.501  0.501 )
( 7.801  0.601  0.501 )
( 7.801  0.701  0.501 )
( 7.801  0.801  0.501 )
( 7.801  0.901  0.501 )
( 7.801  1.001  0.501 )
( 7.801  1.101  0.501 )
( 7.801  1.201  0.501 )
( 7.801  1.301  0.501 )
( 7.801  1.401  0.501 )
( 7.801  1.501  0.501 )
( 7.801  1.601  0.501 )
( 7.801  1.701  0.501 )
( 7.801  1.801  0.501 )
( 7.801  1.901  0.501 )
( 7.801  2.001  0.501 )
( 7.801  2.101  0.501 )
( 7.801  2.201  0.501 )
( 7.801  2.301  0.501 )
( 7.801  2.401  0.501 )
( 7.801  2.501  0.501 )
( 7.801  2.601  0.501 )
( 7.801  2.701  0.501 )
( 7.801  2.801  0.501 )
( 7.801  2.901  0.501 )
( 7.801  2.999  0.501 )
( 7.901  -0.999  0.501 )
( 7.901  -0.899  0.501 )
( 7.901  -0.799  0.501 )
( 7.901  -0.699  0.501 )
( 7.901  -0.599  0.501 )
( 7.901  -0.499  0.501 )
( 7.901  -0.399  0.501 )
( 7.901  -0.299  0.501 )
( 7.901  -0.199  0.501 )
( 7.901  -0.099  0.501 )
( 7.901  0.001  0.501 )
( 7.901  0.101  0.501 )
( 7.901  0.201  0.501 )
( 7.901  0.301  0.501 )
( 7.901  0.401  0.501 )
( 7.901  0.501  0.501 )
( 7.901  0.601  0.501 )
( 7.901  0.701  0.501 )
( 7.901  0.801  0.501 )
( 7.901  0.901  0.501 )
( 7.901  1.001  0.501 )
( 7.901  1.101  0.501 )
( 7.901  1.201  0.501 )
( 7.901  1.301  0.501 )
( 7.901  1.401  0.501 )
( 7.901  1.501  0.501 )
( 7.901  1.601  0.501 )
( 7.901  1.701  0.501 )
( 7.901  1.801  0.501 )
( 7.901  1.901  0.501 )
( 7.901  2.001  0.501 )
( 7.901  2.101  0.501 )
( 7.901  2.201  0.501 )
( 7.901  2.301  0.501 )
( 7.901  2.401  0.501 )
( 7.901  2.501  0.501 )
( 7.901  2.601  0.501 )
( 7.901  2.701  0.501 )
( 7.901  2.801  0.501 )
( 7.901  2.901  0.501 )
( 7.901  2.999  0.501 )
( 8.001  -0.999  0.501 )
( 8.001  -0.899  0.501 )
( 8.001  -0.799  0.501 )
( 8.001  -0.699  0.501 )
( 8.001  -0.599  0.501 )
( 8.001  -0.499  0.501 )
( 8.001  -0.399  0.501 )
( 8.001  -0.299  0.501 )
( 8.001  -0.199  0.501 )
( 8.001  -0.099  0.501 )
( 8.001  0.001  0.501 )
( 8.001  0.101  0.501 )
( 8.001  0.201  0.501 )
( 8.001  0.301  0.501 )
( 8.001  0.401  0.501 )
( 8.001  0.501  0.501 )
( 8.001  0.601  0.501 )
( 8.001  0.701  0.501 )
( 8.001  0.801  0.501 )
( 8.001  0.901  0.501 )
( 8.001  1.001  0.501 )
( 8.001  1.101  0.501 )
( 8.001  1.201  0.501 )
( 8.001  1.301  0.501 )
( 8.001  1.401  0.501 )
( 8.001  1.501  0.501 )
( 8.001  1.601  0.501 )
( 8.001  1.701  0.501 )
( 8.001  1.801  0.501 )
( 8.001  1.901  0.501 )
( 8.001  2.001  0.501 )
( 8.001  2.101  0.501 )
( 8.001  2.201  0.501 )
( 8.001  2.301  0.501 )
( 8.001  2.401  0.501 )
( 8.001  2.501  0.501 )
( 8.001  2.601  0.501 )
( 8.001  2.701  0.501 )
( 8.001  2.801  0.501 )
( 8.001  2.901  0.501 )
( 8.001  2.999  0.501 )
( 8.101  -0.999  0.501 )
( 8.101  -0.899  0.501 )
( 8.101  -0.799  0.501 )
( 8.101  -0.699  0.501 )
( 8.101  -0.599  0.501 )
( 8.101  -0.499  0.501 )
( 8.101  -0.399  0.501 )
( 8.101  -0.299  0.501 )
( 8.101  -0.199  0.501 )
( 8.101  -0.099  0.501 )
( 8.101  0.001  0.501 )
( 8.101  0.101  0.501 )
( 8.101  0.201  0.501 )
( 8.101  0.301  0.501 )
( 8.101  0.401  0.501 )
( 8.101  0.501  0.501 )
( 8.101  0.601  0.501 )
( 8.101  0.701  0.501 )
( 8.101  0.801  0.501 )
( 8.101  0.901  0.501 )
( 8.101  1.001  0.501 )
( 8.101  1.101  0.501 )
( 8.101  1.201  0.501 )
( 8.101  1.301  0.501 )
( 8.101  1.401  0.501 )
( 8.101  1.501  0.501 )
( 8.101  1.601  0.501 )
( 8.101  1.701  0.501 )
( 8.101  1.801  0.501 )
( 8.101  1.901  0.501 )
( 8.101  2.001  0.501 )
( 8.101  2.101  0.501 )
( 8.101  2.201  0.501 )
( 8.101  2.301  0.501 )
( 8.101  2.401  0.501 )
( 8.101  2.501  0.501 )
( 8.101  2.601  0.501 )
( 8.101  2.701  0.501 )
( 8.101  2.801  0.501 )
( 8.101  2.901  0.501 )
( 8.101  2.999  0.501 )
( 8.201  -0.999  0.501 )
( 8.201  -0.899  0.501 )
( 8.201  -0.799  0.501 )
( 8.201  -0.699  0.501 )
( 8.201  -0.599  0.501 )
( 8.201  -0.499  0.501 )
( 8.201  -0.399  0.501 )
( 8.201  -0.299  0.501 )
( 8.201  -0.199  0.501 )
( 8.201  -0.099  0.501 )
( 8.201  0.001  0.501 )
( 8.201  0.101  0.501 )
( 8.201  0.201  0.501 )
( 8.201  0.301  0.501 )
( 8.201  0.401  0.501 )
( 8.201  0.501  0.501 )
( 8.201  0.601  0.501 )
( 8.201  0.701  0.501 )
( 8.201  0.801  0.501 )
( 8.201  0.901  0.501 )
( 8.201  1.001  0.501 )
( 8.201  1.101  0.501 )
( 8.201  1.201  0.501 )
( 8.201  1.301  0.501 )
( 8.201  1.401  0.501 )
( 8.201  1.501  0.501 )
( 8.201  1.601  0.501 )
( 8.201  1.701  0.501 )
( 8.201  1.801  0.501 )
( 8.201  1.901  0.501 )
( 8.201  2.001  0.501 )
( 8.201  2.101  0.501 )
( 8.201  2.201  0.501 )
( 8.201  2.301  0.501 )
( 8.201  2.401  0.501 )
( 8.201  2.501  0.501 )
( 8.201  2.601  0.501 )
( 8.201  2.701  0.501 )
( 8.201  2.801  0.501 )
( 8.201  2.901  0.501 )
( 8.201  2.999  0.501 )
( 8.301  -0.999  0.501 )
( 8.301  -0.899  0.501 )
( 8.301  -0.799  0.501 )
( 8.301  -0.699  0.501 )
( 8.301  -0.599  0.501 )
( 8.301  -0.499  0.501 )
( 8.301  -0.399  0.501 )
( 8.301  -0.299  0.501 )
( 8.301  -0.199  0.501 )
( 8.301  -0.099  0.501 )
( 8.301  0.001  0.501 )
( 8.301  0.101  0.501 )
( 8.301  0.201  0.501 )
( 8.301  0.301  0.501 )
( 8.301  0.401  0.501 )
( 8.301  0.501  0.501 )
( 8.301  0.601  0.501 )
( 8.301  0.701  0.501 )
( 8.301  0.801  0.501 )
( 8.301  0.901  0.501 )
( 8.301  1.001  0.501 )
( 8.301  1.101  0.501 )
( 8.301  1.201  0.501 )
( 8.301  1.301  0.501 )
( 8.301  1.401  0.501 )
( 8.301  1.501  0.501 )
( 8.301  1.601  0.501 )
( 8.301  1.701  0.501 )
( 8.301  1.801  0.501 )
( 8.301  1.901  0.501 )
( 8.301  2.001  0.501 )
( 8.301  2.101  0.501 )
( 8.301  2.201  0.501 )
( 8.301  2.301  0.501 )
( 8.301  2.401  0.501 )
( 8.301  2.501  0.501 )
( 8.301  2.601  0.501 )
( 8.301  2.701  0.501 )
( 8.301  2.801  0.501 )
( 8.301  2.901  0.501 )
( 8.301  2.999  0.501 )
( 8.401  -0.999  0.501 )
( 8.401  -0.899  0.501 )
( 8.401  -0.799  0.501 )
( 8.401  -0.699  0.501 )
( 8.401  -0.599  0.501 )
( 8.401  -0.499  0.501 )
( 8.401  -0.399  0.501 )
( 8.401  -0.299  0.501 )
( 8.401  -0.199  0.501 )
( 8.401  -0.099  0.501 )
( 8.401  0.001  0.501 )
( 8.401  0.101  0.501 )
( 8.401  0.201  0.501 )
( 8.401  0.301  0.501 )
( 8.401  0.401  0.501 )
( 8.401  0.501  0.501 )
( 8.401  0.601  0.501 )
( 8.401  0.701  0.501 )
( 8.401  0.801  0.501 )
( 8.401  0.901  0.501 )
( 8.401  1.001  0.501 )
( 8.401  1.101  0.501 )
( 8.401  1.201  0.501 )
( 8.401  1.301  0.501 )
( 8.401  1.401  0.501 )
( 8.401  1.501  0.501 )
( 8.401  1.601  0.501 )
( 8.401  1.701  0.501 )
( 8.401  1.801  0.501 )
( 8.401  1.901  0.501 )
( 8.401  2.001  0.501 )
( 8.401  2.101  0.501 )
( 8.401  2.201  0.501 )
( 8.401  2.301  0.501 )
( 8.401  2.401  0.501 )
( 8.401  2.501  0.501 )
( 8.401  2.601  0.501 )
( 8.401  2.701  0.501 )
( 8.401  2.801  0.501 )
( 8.401  2.901  0.501 )
( 8.401  2.999  0.501 )
( 8.501  -0.999  0.501 )
( 8.501  -0.899  0.501 )
( 8.501  -0.799  0.501 )
( 8.501  -0.699  0.501 )
( 8.501  -0.599  0.501 )
( 8.501  -0.499  0.501 )
( 8.501  -0.399  0.501 )
( 8.501  -0.299  0.501 )
( 8.501  -0.199  0.501 )
( 8.501  -0.099  0.501 )
( 8.501  0.001  0.501 )
( 8.501  0.101  0.501 )
( 8.501  0.201  0.501 )
( 8.501  0.301  0.501 )
( 8.501  0.401  0.501 )
( 8.501  0.501  0.501 )
( 8.501  0.601  0.501 )
( 8.501  0.701  0.501 )
( 8.501  0.801  0.501 )
( 8.501  0.901  0.501 )
( 8.501  1.001  0.501 )
( 8.501  1.101  0.501 )
( 8.501  1.201  0.501 )
( 8.501  1.301  0.501 )
( 8.501  1.401  0.501 )
( 8.501  1.501  0.501 )
( 8.501  1.601  0.501 )
( 8.501  1.701  0.501 )
( 8.501  1.801  0.501 )
( 8.501  1.901  0.501 )
( 8.501  2.001  0.501 )
( 8.501  2.101  0.501 )
( 8.501  2.201  0.501 )
( 8.501  2.301  0.501 )
( 8.501  2.401  0.501 )
( 8.501  2.501  0.501 )
( 8.501  2.601  0.501 )
( 8.501  2.701  0.501 )
( 8.501  2.801  0.501 )
( 8.501  2.901  0.501 )
( 8.501  2.999  0.501 )
( 8.601  -0.999  0.501 )
( 8.601  -0.899  0.501 )
( 8.601  -0.799  0.501 )
( 8.601  -0.699  0.501 )
( 8.601  -0.599  0.501 )
( 8.601  -0.499  0.501 )
( 8.601  -0.399  0.501 )
( 8.601  -0.299  0.501 )
( 8.601  -0.199  0.501 )
( 8.601  -0.099  0.501 )
( 8.601  0.001  0.501 )
( 8.601  0.101  0.501 )
( 8.601  0.201  0.501 )
( 8.601  0.301  0.501 )
( 8.601  0.401  0.501 )
( 8.601  0.501  0.501 )
( 8.601  0.601  0.501 )
( 8.601  0.701  0.501 )
( 8.601  0.801  0.501 )
( 8.601  0.901  0.501 )
( 8.601  1.001  0.501 )
( 8.601  1.101  0.501 )
( 8.601  1.201  0.501 )
( 8.601  1.301  0.501 )
( 8.601  1.401  0.501 )
( 8.601  1.501  0.501 )
( 8.601  1.601  0.501 )
( 8.601  1.701  0.501 )
( 8.601  1.801  0.501 )
( 8.601  1.901  0.501 )
( 8.601  2.001  0.501 )
( 8.601  2.101  0.501 )
( 8.601  2.201  0.501 )
( 8.601  2.301  0.501 )
( 8.601  2.401  0.501 )
( 8.601  2.501  0.501 )
( 8.601  2.601  0.501 )
( 8.601  2.701  0.501 )
( 8.601  2.801  0.501 )
( 8.601  2.901  0.501 )
( 8.601  2.999  0.501 )
( 8.701  -0.999  0.501 )
( 8.701  -0.899  0.501 )
( 8.701  -0.799  0.501 )
( 8.701  -0.699  0.501 )
( 8.701  -0.599  0.501 )
( 8.701  -0.499  0.501 )
( 8.701  -0.399  0.501 )
( 8.701  -0.299  0.501 )
( 8.701  -0.199  0.501 )
( 8.701  -0.099  0.501 )
( 8.701  0.001  0.501 )
( 8.701  0.101  0.501 )
( 8.701  0.201  0.501 )
( 8.701  0.301  0.501 )
( 8.701  0.401  0.501 )
( 8.701  0.501  0.501 )
( 8.701  0.601  0.501 )
( 8.701  0.701  0.501 )
( 8.701  0.801  0.501 )
( 8.701  0.901  0.501 )
( 8.701  1.001  0.501 )
( 8.701  1.101  0.501 )
( 8.701  1.201  0.501 )
( 8.701  1.301  0.501 )
( 8.701  1.401  0.501 )
( 8.701  1.501  0.501 )
( 8.701  1.601  0.501 )
( 8.701  1.701  0.501 )
( 8.701  1.801  0.501 )
( 8.701  1.901  0.501 )
( 8.701  2.001  0.501 )
( 8.701  2.101  0.501 )
( 8.701  2.201  0.501 )
( 8.701  2.301  0.501 )
( 8.701  2.401  0.501 )
( 8.701  2.501  0.501 )
( 8.701  2.601  0.501 )
( 8.701  2.701  0.501 )
( 8.701  2.801  0.501 )
( 8.701  2.901  0.501 )
( 8.701  2.999  0.501 )
( 8.801  -0.999  0.501 )
( 8.801  -0.899  0.501 )
( 8.801  -0.799  0.501 )
( 8.801  -0.699  0.501 )
( 8.801  -0.599  0.501 )
( 8.801  -0.499  0.501 )
( 8.801  -0.399  0.501 )
( 8.801  -0.299  0.501 )
( 8.801  -0.199  0.501 )
( 8.801  -0.099  0.501 )
( 8.801  0.001  0.501 )
( 8.801  0.101  0.501 )
( 8.801  0.201  0.501 )
( 8.801  0.301  0.501 )
( 8.801  0.401  0.501 )
( 8.801  0.501  0.501 )
( 8.801  0.601  0.501 )
( 8.801  0.701  0.501 )
( 8.801  0.801  0.501 )
( 8.801  0.901  0.501 )
( 8.801  1.001  0.501 )
( 8.801  1.101  0.501 )
( 8.801  1.201  0.501 )
( 8.801  1.301  0.501 )
( 8.801  1.401  0.501 )
( 8.801  1.501  0.501 )
( 8.801  1.601  0.501 )
( 8.801  1.701  0.501 )
( 8.801  1.801  0.501 )
( 8.801  1.901  0.501 )
( 8.801  2.001  0.501 )
( 8.801  2.101  0.501 )
( 8.801  2.201  0.501 )
( 8.801  2.301  0.501 )
( 8.801  2.401  0.501 )
( 8.801  2.501  0.501 )
( 8.801  2.601  0.501 )
( 8.801  2.701  0.501 )
( 8.801  2.801  0.501 )
( 8.801  2.901  0.501 )
( 8.801  2.999  0.501 )
( 8.901  -0.999  0.501 )
( 8.901  -0.899  0.501 )
( 8.901  -0.799  0.501 )
( 8.901  -0.699  0.501 )
( 8.901  -0.599  0.501 )
( 8.901  -0.499  0.501 )
( 8.901  -0.399  0.501 )
( 8.901  -0.299  0.501 )
( 8.901  -0.199  0.501 )
( 8.901  -0.099  0.501 )
( 8.901  0.001  0.501 )
( 8.901  0.101  0.501 )
( 8.901  0.201  0.501 )
( 8.901  0.301  0.501 )
( 8.901  0.401  0.501 )
( 8.901  0.501  0.501 )
( 8.901  0.601  0.501 )
( 8.901  0.701  0.501 )
( 8.901  0.801  0.501 )
( 8.901  0.901  0.501 )
( 8.901  1.001  0.501 )
( 8.901  1.101  0.501 )
( 8.901  1.201  0.501 )
( 8.901  1.301  0.501 )
( 8.901  1.401  0.501 )
( 8.901  1.501  0.501 )
( 8.901  1.601  0.501 )
( 8.901  1.701  0.501 )
( 8.901  1.801  0.501 )
( 8.901  1.901  0.501 )
( 8.901  2.001  0.501 )
( 8.901  2.101  0.501 )
( 8.901  2.201  0.501 )
( 8.901  2.301  0.501 )
( 8.901  2.401  0.501 )
( 8.901  2.501  0.501 )
( 8.901  2.601  0.501 )
( 8.901  2.701  0.501 )
( 8.901  2.801  0.501 )
( 8.901  2.901  0.501 )
( 8.901  2.999  0.501 )
( 9.001  -0.999  0.501 )
( 9.001  -0.899  0.501 )
( 9.001  -0.799  0.501 )
( 9.001  -0.699  0.501 )
( 9.001  -0.599  0.501 )
( 9.001  -0.499  0.501 )
( 9.001  -0.399  0.501 )
( 9.001  -0.299  0.501 )
( 9.001  -0.199  0.501 )
( 9.001  -0.099  0.501 )
( 9.001  0.001  0.501 )
( 9.001  0.101  0.501 )
( 9.001  0.201  0.501 )
( 9.001  0.301  0.501 )
( 9.001  0.401  0.501 )
( 9.001  0.501  0.501 )
( 9.001  0.601  0.501 )
( 9.001  0.701  0.501 )
( 9.001  0.801  0.501 )
( 9.001  0.901  0.501 )
( 9.001  1.001  0.501 )
( 9.001  1.101  0.501 )
( 9.001  1.201  0.501 )
( 9.001  1.301  0.501 )
( 9.001  1.401  0.501 )
( 9.001  1.501  0.501 )
( 9.001  1.601  0.501 )
( 9.001  1.701  0.501 )
( 9.001  1.801  0.501 )
( 9.001  1.901  0.501 )
( 9.001  2.001  0.501 )
( 9.001  2.101  0.501 )
( 9.001  2.201  0.501 )
( 9.001  2.301  0.501 )
( 9.001  2.401  0.501 )
( 9.001  2.501  0.501 )
( 9.001  2.601  0.501 )
( 9.001  2.701  0.501 )
( 9.001  2.801  0.501 )
( 9.001  2.901  0.501 )
( 9.001  2.999  0.501 )
( 9.101  -0.999  0.501 )
( 9.101  -0.899  0.501 )
( 9.101  -0.799  0.501 )
( 9.101  -0.699  0.501 )
( 9.101  -0.599  0.501 )
( 9.101  -0.499  0.501 )
( 9.101  -0.399  0.501 )
( 9.101  -0.299  0.501 )
( 9.101  -0.199  0.501 )
( 9.101  -0.099  0.501 )
( 9.101  0.001  0.501 )
( 9.101  0.101  0.501 )
( 9.101  0.201  0.501 )
( 9.101  0.301  0.501 )
( 9.101  0.401  0.501 )
( 9.101  0.501  0.501 )
( 9.101  0.601  0.501 )
( 9.101  0.701  0.501 )
( 9.101  0.801  0.501 )
( 9.101  0.901  0.501 )
( 9.101  1.001  0.501 )
( 9.101  1.101  0.501 )
( 9.101  1.201  0.501 )
( 9.101  1.301  0.501 )
( 9.101  1.401  0.501 )
( 9.101  1.501  0.501 )
( 9.101  1.601  0.501 )
( 9.101  1.701  0.501 )
( 9.101  1.801  0.501 )
( 9.101  1.901  0.501 )
( 9.101  2.001  0.501 )
( 9.101  2.101  0.501 )
( 9.101  2.201  0.501 )
( 9.101  2.301  0.501 )
( 9.101  2.401  0.501 )
( 9.101  2.501  0.501 )
( 9.101  2.601  0.501 )
( 9.101  2.701  0.501 )
( 9.101  2.801  0.501 )
( 9.101  2.901  0.501 )
( 9.101  2.999  0.501 )
( 9.201  -0.999  0.501 )
( 9.201  -0.899  0.501 )
( 9.201  -0.799  0.501 )
( 9.201  -0.699  0.501 )
( 9.201  -0.599  0.501 )
( 9.201  -0.499  0.501 )
( 9.201  -0.399  0.501 )
( 9.201  -0.299  0.501 )
( 9.201  -0.199  0.501 )
( 9.201  -0.099  0.501 )
( 9.201  0.001  0.501 )
( 9.201  0.101  0.501 )
( 9.201  0.201  0.501 )
( 9.201  0.301  0.501 )
( 9.201  0.401  0.501 )
( 9.201  0.501  0.501 )
( 9.201  0.601  0.501 )
( 9.201  0.701  0.501 )
( 9.201  0.801  0.501 )
( 9.201  0.901  0.501 )
( 9.201  1.001  0.501 )
( 9.201  1.101  0.501 )
( 9.201  1.201  0.501 )
( 9.201  1.301  0.501 )
( 9.201  1.401  0.501 )
( 9.201  1.501  0.501 )
( 9.201  1.601  0.501 )
( 9.201  1.701  0.501 )
( 9.201  1.801  0.501 )
( 9.201  1.901  0.501 )
( 9.201  2.001  0.501 )
( 9.201  2.101  0.501 )
( 9.201  2.201  0.501 )
( 9.201  2.301  0.501 )
( 9.201  2.401  0.501 )
( 9.201  2.501  0.501 )
( 9.201  2.601  0.501 )
( 9.201  2.701  0.501 )
( 9.201  2.801  0.501 )
( 9.201  2.901  0.501 )
( 9.201  2.999  0.501 )
( 9.301  -0.999  0.501 )
( 9.301  -0.899  0.501 )
( 9.301  -0.799  0.501 )
( 9.301  -0.699  0.501 )
( 9.301  -0.599  0.501 )
( 9.301  -0.499  0.501 )
( 9.301  -0.399  0.501 )
( 9.301  -0.299  0.501 )
( 9.301  -0.199  0.501 )
( 9.301  -0.099  0.501 )
( 9.301  0.001  0.501 )
( 9.301  0.101  0.501 )
( 9.301  0.201  0.501 )
( 9.301  0.301  0.501 )
( 9.301  0.401  0.501 )
( 9.301  0.501  0.501 )
( 9.301  0.601  0.501 )
( 9.301  0.701  0.501 )
( 9.301  0.801  0.501 )
( 9.301  0.901  0.501 )
( 9.301  1.001  0.501 )
( 9.301  1.101  0.501 )
( 9.301  1.201  0.501 )
( 9.301  1.301  0.501 )
( 9.301  1.401  0.501 )
( 9.301  1.501  0.501 )
( 9.301  1.601  0.501 )
( 9.301  1.701  0.501 )
( 9.301  1.801  0.501 )
( 9.301  1.901  0.501 )
( 9.301  2.001  0.501 )
( 9.301  2.101  0.501 )
( 9.301  2.201  0.501 )
( 9.301  2.301  0.501 )
( 9.301  2.401  0.501 )
( 9.301  2.501  0.501 )
( 9.301  2.601  0.501 )
( 9.301  2.701  0.501 )
( 9.301  2.801  0.501 )
( 9.301  2.901  0.501 )
( 9.301  2.999  0.501 )
( 9.401  -0.999  0.501 )
( 9.401  -0.899  0.501 )
( 9.401  -0.799  0.501 )
( 9.401  -0.699  0.501 )
( 9.401  -0.599  0.501 )
( 9.401  -0.499  0.501 )
( 9.401  -0.399  0.501 )
( 9.401  -0.299  0.501 )
( 9.401  -0.199  0.501 )
( 9.401  -0.099  0.501 )
( 9.401  0.001  0.501 )
( 9.401  0.101  0.501 )
( 9.401  0.201  0.501 )
( 9.401  0.301  0.501 )
( 9.401  0.401  0.501 )
( 9.401  0.501  0.501 )
( 9.401  0.601  0.501 )
( 9.401  0.701  0.501 )
( 9.401  0.801  0.501 )
( 9.401  0.901  0.501 )
( 9.401  1.001  0.501 )
( 9.401  1.101  0.501 )
( 9.401  1.201  0.501 )
( 9.401  1.301  0.501 )
( 9.401  1.401  0.501 )
( 9.401  1.501  0.501 )
( 9.401  1.601  0.501 )
( 9.401  1.701  0.501 )
( 9.401  1.801  0.501 )
( 9.401  1.901  0.501 )
( 9.401  2.001  0.501 )
( 9.401  2.101  0.501 )
( 9.401  2.201  0.501 )
( 9.401  2.301  0.501 )
( 9.401  2.401  0.501 )
( 9.401  2.501  0.501 )
( 9.401  2.601  0.501 )
( 9.401  2.701  0.501 )
( 9.401  2.801  0.501 )
( 9.401  2.901  0.501 )
( 9.401  2.999  0.501 )
( 9.501  -0.999  0.501 )
( 9.501  -0.899  0.501 )
( 9.501  -0.799  0.501 )
( 9.501  -0.699  0.501 )
( 9.501  -0.599  0.501 )
( 9.501  -0.499  0.501 )
( 9.501  -0.399  0.501 )
( 9.501  -0.299  0.501 )
( 9.501  -0.199  0.501 )
( 9.501  -0.099  0.501 )
( 9.501  0.001  0.501 )
( 9.501  0.101  0.501 )
( 9.501  0.201  0.501 )
( 9.501  0.301  0.501 )
( 9.501  0.401  0.501 )
( 9.501  0.501  0.501 )
( 9.501  0.601  0.501 )
( 9.501  0.701  0.501 )
( 9.501  0.801  0.501 )
( 9.501  0.901  0.501 )
( 9.501  1.001  0.501 )
( 9.501  1.101  0.501 )
( 9.501  1.201  0.501 )
( 9.501  1.301  0.501 )
( 9.501  1.401  0.501 )
( 9.501  1.501  0.501 )
( 9.501  1.601  0.501 )
( 9.501  1.701  0.501 )
( 9.501  1.801  0.501 )
( 9.501  1.901  0.501 )
( 9.501  2.001  0.501 )
( 9.501  2.101  0.501 )
( 9.501  2.201  0.501 )
( 9.501  2.301  0.501 )
( 9.501  2.401  0.501 )
( 9.501  2.501  0.501 )
( 9.501  2.601  0.501 )
( 9.501  2.701  0.501 )
( 9.501  2.801  0.501 )
( 9.501  2.901  0.501 )
( 9.501  2.999  0.501 )
( 9.601  -0.999  0.501 )
( 9.601  -0.899  0.501 )
( 9.601  -0.799  0.501 )
( 9.601  -0.699  0.501 )
( 9.601  -0.599  0.501 )
( 9.601  -0.499  0.501 )
( 9.601  -0.399  0.501 )
( 9.601  -0.299  0.501 )
( 9.601  -0.199  0.501 )
( 9.601  -0.099  0.501 )
( 9.601  0.001  0.501 )
( 9.601  0.101  0.501 )
( 9.601  0.201  0.501 )
( 9.601  0.301  0.501 )
( 9.601  0.401  0.501 )
( 9.601  0.501  0.501 )
( 9.601  0.601  0.501 )
( 9.601  0.701  0.501 )
( 9.601  0.801  0.501 )
( 9.601  0.901  0.501 )
( 9.601  1.001  0.501 )
( 9.601  1.101  0.501 )
( 9.601  1.201  0.501 )
( 9.601  1.301  0.501 )
( 9.601  1.401  0.501 )
( 9.601  1.501  0.501 )
( 9.601  1.601  0.501 )
( 9.601  1.701  0.501 )
( 9.601  1.801  0.501 )
( 9.601  1.901  0.501 )
( 9.601  2.001  0.501 )
( 9.601  2.101  0.501 )
( 9.601  2.201  0.501 )
( 9.601  2.301  0.501 )
( 9.601  2.401  0.501 )
( 9.601  2.501  0.501 )
( 9.601  2.601  0.501 )
( 9.601  2.701  0.501 )
( 9.601  2.801  0.501 )
( 9.601  2.901  0.501 )
( 9.601  2.999  0.501 )
( 9.701  -0.999  0.501 )
( 9.701  -0.899  0.501 )
( 9.701  -0.799  0.501 )
( 9.701  -0.699  0.501 )
( 9.701  -0.599  0.501 )
( 9.701  -0.499  0.501 )
( 9.701  -0.399  0.501 )
( 9.701  -0.299  0.501 )
( 9.701  -0.199  0.501 )
( 9.701  -0.099  0.501 )
( 9.701  0.001  0.501 )
( 9.701  0.101  0.501 )
( 9.701  0.201  0.501 )
( 9.701  0.301  0.501 )
( 9.701  0.401  0.501 )
( 9.701  0.501  0.501 )
( 9.701  0.601  0.501 )
( 9.701  0.701  0.501 )
( 9.701  0.801  0.501 )
( 9.701  0.901  0.501 )
( 9.701  1.001  0.501 )
( 9.701  1.101  0.501 )
( 9.701  1.201  0.501 )
( 9.701  1.301  0.501 )
( 9.701  1.401  0.501 )
( 9.701  1.501  0.501 )
( 9.701  1.601  0.501 )
( 9.701  1.701  0.501 )
( 9.701  1.801  0.501 )
( 9.701  1.901  0.501 )
( 9.701  2.001  0.501 )
( 9.701  2.101  0.501 )
( 9.701  2.201  0.501 )
( 9.701  2.301  0.501 )
( 9.701  2.401  0.501 )
( 9.701  2.501  0.501 )
( 9.701  2.601  0.501 )
( 9.701  2.701  0.501 )
( 9.701  2.801  0.501 )
( 9.701  2.901  0.501 )
( 9.701  2.999  0.501 )
( 9.801  -0.999  0.501 )
( 9.801  -0.899  0.501 )
( 9.801  -0.799  0.501 )
( 9.801  -0.699  0.501 )
( 9.801  -0.599  0.501 )
( 9.801  -0.499  0.501 )
( 9.801  -0.399  0.501 )
( 9.801  -0.299  0.501 )
( 9.801  -0.199  0.501 )
( 9.801  -0.099  0.501 )
( 9.801  0.001  0.501 )
( 9.801  0.101  0.501 )
( 9.801  0.201  0.501 )
( 9.801  0.301  0.501 )
( 9.801  0.401  0.501 )
( 9.801  0.501  0.501 )
( 9.801  0.601  0.501 )
( 9.801  0.701  0.501 )
( 9.801  0.801  0.501 )
( 9.801  0.901  0.501 )
( 9.801  1.001  0.501 )
( 9.801  1.101  0.501 )
( 9.801  1.201  0.501 )
( 9.801  1.301  0.501 )
( 9.801  1.401  0.501 )
( 9.801  1.501  0.501 )
( 9.801  1.601  0.501 )
( 9.801  1.701  0.501 )
( 9.801  1.801  0.501 )
( 9.801  1.901  0.501 )
( 9.801  2.001  0.501 )
( 9.801  2.101  0.501 )
( 9.801  2.201  0.501 )
( 9.801  2.301  0.501 )
( 9.801  2.401  0.501 )
( 9.801  2.501  0.501 )
( 9.801  2.601  0.501 )
( 9.801  2.701  0.501 )
( 9.801  2.801  0.501 )
( 9.801  2.901  0.501 )
( 9.801  2.999  0.501 )
( 9.901  -0.999  0.501 )
( 9.901  -0.899  0.501 )
( 9.901  -0.799  0.501 )
( 9.901  -0.699  0.501 )
( 9.901  -0.599  0.501 )
( 9.901  -0.499  0.501 )
( 9.901  -0.399  0.501 )
( 9.901  -0.299  0.501 )
( 9.901  -0.199  0.501 )
( 9.901  -0.099  0.501 )
( 9.901  0.001  0.501 )
( 9.901  0.101  0.501 )
( 9.901  0.201  0.501 )
( 9.901  0.301  0.501 )
( 9.901  0.401  0.501 )
( 9.901  0.501  0.501 )
( 9.901  0.601  0.501 )
( 9.901  0.701  0.501 )
( 9.901  0.801  0.501 )
( 9.901  0.901  0.501 )
( 9.901  1.001  0.501 )
( 9.901  1.101  0.501 )
( 9.901  1.201  0.501 )
( 9.901  1.301  0.501 )
( 9.901  1.401  0.501 )
( 9.901  1.501  0.501 )
( 9.901  1.601  0.501 )
( 9.901  1.701  0.501 )
( 9.901  1.801  0.501 )
( 9.901  1.901  0.501 )
( 9.901  2.001  0.501 )
( 9.901  2.101  0.501 )
( 9.901  2.201  0.501 )
( 9.901  2.301  0.501 )
( 9.901  2.401  0.501 )
( 9.901  2.501  0.501 )
( 9.901  2.601  0.501 )
( 9.901  2.701  0.501 )
( 9.901  2.801  0.501 )
( 9.901  2.901  0.501 )
( 9.901  2.999  0.501 )
( 9.999  -0.999  0.501 )
( 9.999  -0.899  0.501 )
( 9.999  -0.799  0.501 )
( 9.999  -0.699  0.501 )
( 9.999  -0.599  0.501 )
( 9.999  -0.499  0.501 )
( 9.999  -0.399  0.501 )
( 9.999  -0.299  0.501 )
( 9.999  -0.199  0.501 )
( 9.999  -0.099  0.501 )
( 9.999  0.001  0.501 )
( 9.999  0.101  0.501 )
( 9.999  0.201  0.501 )
( 9.999  0.301  0.501 )
( 9.999  0.401  0.501 )
( 9.999  0.501  0.501 )
( 9.999  0.601  0.501 )
( 9.999  0.701  0.501 )
( 9.999  0.801  0.501 )
( 9.999  0.901  0.501 )
( 9.999  1.001  0.501 )
( 9.999  1.101  0.501 )
( 9.999  1.201  0.501 )
( 9.999  1.301  0.501 )
( 9.999  1.401  0.501 )
( 9.999  1.501  0.501 )
( 9.999  1.601  0.501 )
( 9.999  1.701  0.501 )
( 9.999  1.801  0.501 )
( 9.999  1.901  0.501 )
( 9.999  2.001  0.501 )
( 9.999  2.101  0.501 )
( 9.999  2.201  0.501 )
( 9.999  2.301  0.501 )
( 9.999  2.401  0.501 )
( 9.999  2.501  0.501 )
( 9.999  2.601  0.501 )
( 9.999  2.701  0.501 )
( 9.999  2.801  0.501 )
( 9.999  2.901  0.501 )
( 9.999  2.999  0.501 )
